,TCGA-4P-AA8J,TCGA-BA-4074,TCGA-BA-4075,TCGA-BA-4076,TCGA-BA-4077,TCGA-BA-4078,TCGA-BA-5149,TCGA-BA-5151,TCGA-BA-5152,TCGA-BA-5153,TCGA-BA-5555,TCGA-BA-5556,TCGA-BA-5557,TCGA-BA-5558,TCGA-BA-5559,TCGA-BA-6868,TCGA-BA-6869,TCGA-BA-6870,TCGA-BA-6871,TCGA-BA-6872,TCGA-BA-6873,TCGA-BA-7269,TCGA-BA-A4IF,TCGA-BA-A4IG,TCGA-BA-A4IH,TCGA-BA-A4II,TCGA-BA-A6D8,TCGA-BA-A6DA,TCGA-BA-A6DB,TCGA-BA-A6DD,TCGA-BA-A6DE,TCGA-BA-A6DG,TCGA-BA-A6DI,TCGA-BA-A6DJ,TCGA-BA-A6DL,TCGA-BA-A8YP,TCGA-BB-4217,TCGA-BB-4223,TCGA-BB-4224,TCGA-BB-4225,TCGA-BB-4227,TCGA-BB-4228,TCGA-BB-7870,TCGA-BB-8596,TCGA-BB-8601,TCGA-BB-A5HU,TCGA-BB-A5HY,TCGA-BB-A5HZ,TCGA-BB-A6UM,TCGA-BB-A6UO,TCGA-C9-A47Z,TCGA-C9-A480,TCGA-CN-4725,TCGA-CN-4726,TCGA-CN-4727,TCGA-CN-4728,TCGA-CN-4729,TCGA-CN-4730,TCGA-CN-4731,TCGA-CN-4733,TCGA-CN-4734,TCGA-CN-4735,TCGA-CN-4736,TCGA-CN-4737,TCGA-CN-4738,TCGA-CN-4739,TCGA-CN-4740,TCGA-CN-4741,TCGA-CN-4742,TCGA-CN-5355,TCGA-CN-5356,TCGA-CN-5358,TCGA-CN-5359,TCGA-CN-5360,TCGA-CN-5361,TCGA-CN-5363,TCGA-CN-5364,TCGA-CN-5365,TCGA-CN-5366,TCGA-CN-5367,TCGA-CN-5369,TCGA-CN-5370,TCGA-CN-5373,TCGA-CN-5374,TCGA-CN-6010,TCGA-CN-6011,TCGA-CN-6012,TCGA-CN-6013,TCGA-CN-6016,TCGA-CN-6018,TCGA-CN-6019,TCGA-CN-6020,TCGA-CN-6021,TCGA-CN-6022,TCGA-CN-6023,TCGA-CN-6024,TCGA-CN-6988,TCGA-CN-6989,TCGA-CN-6992,TCGA-CN-6994,TCGA-CN-6995,TCGA-CN-6996,TCGA-CN-6997,TCGA-CN-6998,TCGA-CN-A497,TCGA-CN-A498,TCGA-CN-A499,TCGA-CN-A49A,TCGA-CN-A49B,TCGA-CN-A49C,TCGA-CN-A63T,TCGA-CN-A63U,TCGA-CN-A63V,TCGA-CN-A63W,TCGA-CN-A641,TCGA-CN-A642,TCGA-CN-A6UY,TCGA-CN-A6V1,TCGA-CN-A6V3,TCGA-CN-A6V6,TCGA-CN-A6V7,TCGA-CQ-5323,TCGA-CQ-5324,TCGA-CQ-5325,TCGA-CQ-5326,TCGA-CQ-5327,TCGA-CQ-5329,TCGA-CQ-5330,TCGA-CQ-5331,TCGA-CQ-5332,TCGA-CQ-5333,TCGA-CQ-5334,TCGA-CQ-6218,TCGA-CQ-6219,TCGA-CQ-6220,TCGA-CQ-6221,TCGA-CQ-6222,TCGA-CQ-6223,TCGA-CQ-6224,TCGA-CQ-6225,TCGA-CQ-6227,TCGA-CQ-6228,TCGA-CQ-6229,TCGA-CQ-7063,TCGA-CQ-7065,TCGA-CQ-7068,TCGA-CQ-7069,TCGA-CQ-7071,TCGA-CQ-7072,TCGA-CQ-A4C6,TCGA-CQ-A4C7,TCGA-CQ-A4C9,TCGA-CQ-A4CB,TCGA-CQ-A4CD,TCGA-CQ-A4CE,TCGA-CQ-A4CG,TCGA-CQ-A4CH,TCGA-CQ-A4CI,TCGA-CR-5243,TCGA-CR-5247,TCGA-CR-5248,TCGA-CR-5249,TCGA-CR-5250,TCGA-CR-6467,TCGA-CR-6470,TCGA-CR-6471,TCGA-CR-6472,TCGA-CR-6473,TCGA-CR-6474,TCGA-CR-6477,TCGA-CR-6478,TCGA-CR-6480,TCGA-CR-6481,TCGA-CR-6482,TCGA-CR-6484,TCGA-CR-6487,TCGA-CR-6488,TCGA-CR-6491,TCGA-CR-6492,TCGA-CR-6493,TCGA-CR-7364,TCGA-CR-7365,TCGA-CR-7367,TCGA-CR-7368,TCGA-CR-7369,TCGA-CR-7370,TCGA-CR-7371,TCGA-CR-7372,TCGA-CR-7373,TCGA-CR-7374,TCGA-CR-7376,TCGA-CR-7377,TCGA-CR-7379,TCGA-CR-7380,TCGA-CR-7382,TCGA-CR-7383,TCGA-CR-7385,TCGA-CR-7386,TCGA-CR-7388,TCGA-CR-7389,TCGA-CR-7390,TCGA-CR-7391,TCGA-CR-7392,TCGA-CR-7394,TCGA-CR-7395,TCGA-CR-7397,TCGA-CR-7398,TCGA-CR-7399,TCGA-CR-7401,TCGA-CR-7404,TCGA-CV-5430,TCGA-CV-5432,TCGA-CV-5434,TCGA-CV-5435,TCGA-CV-5436,TCGA-CV-5439,TCGA-CV-5440,TCGA-CV-5441,TCGA-CV-5442,TCGA-CV-5443,TCGA-CV-5444,TCGA-CV-5966,TCGA-CV-5970,TCGA-CV-5971,TCGA-CV-5973,TCGA-CV-5976,TCGA-CV-5977,TCGA-CV-5978,TCGA-CV-5979,TCGA-CV-6003,TCGA-CV-6433,TCGA-CV-6436,TCGA-CV-6441,TCGA-CV-6933,TCGA-CV-6934,TCGA-CV-6935,TCGA-CV-6936,TCGA-CV-6937,TCGA-CV-6938,TCGA-CV-6939,TCGA-CV-6940,TCGA-CV-6941,TCGA-CV-6942,TCGA-CV-6943,TCGA-CV-6945,TCGA-CV-6948,TCGA-CV-6950,TCGA-CV-6951,TCGA-CV-6952,TCGA-CV-6953,TCGA-CV-6954,TCGA-CV-6955,TCGA-CV-6956,TCGA-CV-6959,TCGA-CV-6960,TCGA-CV-6961,TCGA-CV-6962,TCGA-CV-7089,TCGA-CV-7090,TCGA-CV-7091,TCGA-CV-7095,TCGA-CV-7097,TCGA-CV-7099,TCGA-CV-7100,TCGA-CV-7101,TCGA-CV-7102,TCGA-CV-7103,TCGA-CV-7104,TCGA-CV-7177,TCGA-CV-7178,TCGA-CV-7180,TCGA-CV-7183,TCGA-CV-7235,TCGA-CV-7236,TCGA-CV-7238,TCGA-CV-7242,TCGA-CV-7243,TCGA-CV-7245,TCGA-CV-7247,TCGA-CV-7248,TCGA-CV-7250,TCGA-CV-7252,TCGA-CV-7253,TCGA-CV-7254,TCGA-CV-7255,TCGA-CV-7261,TCGA-CV-7263,TCGA-CV-7406,TCGA-CV-7407,TCGA-CV-7410,TCGA-CV-7411,TCGA-CV-7413,TCGA-CV-7414,TCGA-CV-7415,TCGA-CV-7416,TCGA-CV-7418,TCGA-CV-7421,TCGA-CV-7422,TCGA-CV-7423,TCGA-CV-7424,TCGA-CV-7425,TCGA-CV-7427,TCGA-CV-7429,TCGA-CV-7430,TCGA-CV-7432,TCGA-CV-7433,TCGA-CV-7434,TCGA-CV-7435,TCGA-CV-7437,TCGA-CV-7438,TCGA-CV-7440,TCGA-CV-7446,TCGA-CV-A45O,TCGA-CV-A45P,TCGA-CV-A45Q,TCGA-CV-A45R,TCGA-CV-A45T,TCGA-CV-A45U,TCGA-CV-A45V,TCGA-CV-A45W,TCGA-CV-A45X,TCGA-CV-A45Y,TCGA-CV-A45Z,TCGA-CV-A460,TCGA-CV-A461,TCGA-CV-A463,TCGA-CV-A464,TCGA-CV-A465,TCGA-CV-A468,TCGA-CV-A6JD,TCGA-CV-A6JE,TCGA-CV-A6JM,TCGA-CV-A6JN,TCGA-CV-A6JO,TCGA-CV-A6JT,TCGA-CV-A6JU,TCGA-CV-A6JY,TCGA-CV-A6JZ,TCGA-CV-A6K0,TCGA-CV-A6K1,TCGA-CV-A6K2,TCGA-CX-7082,TCGA-CX-7085,TCGA-CX-7086,TCGA-CX-7219,TCGA-CX-A4AQ,TCGA-D6-6515,TCGA-D6-6517,TCGA-D6-6823,TCGA-D6-6824,TCGA-D6-6825,TCGA-D6-6826,TCGA-D6-6827,TCGA-D6-8568,TCGA-D6-8569,TCGA-D6-A4Z9,TCGA-D6-A4ZB,TCGA-D6-A6EK,TCGA-D6-A6EM,TCGA-D6-A6EN,TCGA-D6-A6EO,TCGA-D6-A6EP,TCGA-D6-A6EQ,TCGA-D6-A6ES,TCGA-D6-A74Q,TCGA-DQ-5624,TCGA-DQ-5625,TCGA-DQ-5629,TCGA-DQ-5630,TCGA-DQ-5631,TCGA-DQ-7588,TCGA-DQ-7591,TCGA-DQ-7592,TCGA-DQ-7593,TCGA-DQ-7596,TCGA-F7-7848,TCGA-F7-8298,TCGA-F7-8489,TCGA-F7-A50G,TCGA-F7-A50I,TCGA-F7-A50J,TCGA-F7-A61S,TCGA-F7-A61V,TCGA-F7-A61W,TCGA-F7-A620,TCGA-F7-A622,TCGA-F7-A623,TCGA-H7-7774,TCGA-H7-8501,TCGA-H7-A6C4,TCGA-H7-A6C5,TCGA-H7-A76A,TCGA-HD-7229,TCGA-HD-7753,TCGA-HD-7754,TCGA-HD-7831,TCGA-HD-7832,TCGA-HD-8224,TCGA-HD-8314,TCGA-HD-8634,TCGA-HD-8635,TCGA-HD-A4C1,TCGA-HD-A633,TCGA-HD-A634,TCGA-HD-A6HZ,TCGA-HD-A6I0,TCGA-IQ-7630,TCGA-IQ-7631,TCGA-IQ-7632,TCGA-IQ-A61E,TCGA-IQ-A61G,TCGA-IQ-A61H,TCGA-IQ-A61I,TCGA-IQ-A61J,TCGA-IQ-A61O,TCGA-IQ-A6SG,TCGA-IQ-A6SH,TCGA-KU-A66S,TCGA-KU-A66T,TCGA-KU-A6H7,TCGA-KU-A6H8,TCGA-MT-A51W,TCGA-MT-A51X,TCGA-MT-A67A,TCGA-MT-A67D,TCGA-MT-A67F,TCGA-MT-A7BN,TCGA-MZ-A5BI,TCGA-MZ-A6I9,TCGA-MZ-A7D7,TCGA-P3-A5Q5,TCGA-P3-A5Q6,TCGA-P3-A5QA,TCGA-P3-A5QE,TCGA-P3-A5QF,TCGA-P3-A6SW,TCGA-P3-A6SX,TCGA-P3-A6T0,TCGA-P3-A6T2,TCGA-P3-A6T3,TCGA-P3-A6T4,TCGA-P3-A6T5,TCGA-P3-A6T6,TCGA-P3-A6T7,TCGA-P3-A6T8,TCGA-QK-A64Z,TCGA-QK-A652,TCGA-QK-A6IF,TCGA-QK-A6IG,TCGA-QK-A6IH,TCGA-QK-A6II,TCGA-QK-A6IJ,TCGA-QK-A6V9,TCGA-QK-A6VB,TCGA-QK-A6VC,TCGA-QK-A8Z7,TCGA-QK-A8Z8,TCGA-QK-A8Z9,TCGA-QK-A8ZA,TCGA-QK-A8ZB,TCGA-QK-AA3J,TCGA-QK-AA3K,TCGA-RS-A6TO,TCGA-RS-A6TP,TCGA-T2-A6WX,TCGA-T2-A6WZ,TCGA-T2-A6X0,TCGA-T2-A6X2,TCGA-T3-A92M,TCGA-T3-A92N,TCGA-TN-A7HI,TCGA-TN-A7HJ,TCGA-TN-A7HL,TCGA-UF-A718,TCGA-UF-A719,TCGA-UF-A71A,TCGA-UF-A71B,TCGA-UF-A71D,TCGA-UF-A71E,TCGA-UF-A7J9,TCGA-UF-A7JA,TCGA-UF-A7JC,TCGA-UF-A7JD,TCGA-UF-A7JF,TCGA-UF-A7JH,TCGA-UF-A7JJ,TCGA-UF-A7JK,TCGA-UF-A7JO,TCGA-UF-A7JS,TCGA-UF-A7JT,TCGA-UF-A7JV,TCGA-UP-A6WW,TCGA-WA-A7GZ,TCGA-WA-A7H4
Sig_1,0.004840164412920863,0.0318500741491623,0.04094871273458088,0.0,0.0290054099852221,0.0213577986632248,0.05318300555555036,0.09951408626369806,0.013919509488068945,0.0,0.0,0.0642707850765779,0.028918304084385782,0.048072271982343116,0.047539823013020274,0.012708997369307456,0.007520565057925502,0.01740111033140331,0.022096601376114786,0.012316905161119723,0.002365971471479768,0.0369739030662721,4.135077708560763e-05,0.05044969385107735,0.153544775339539,0.007893063449844164,0.07698786073414654,0.011243701379578256,0.0,0.0,0.0011804733957674514,0.0,4.688183686173302e-12,0.045103839277610094,0.11578682851597198,0.019101973299670033,0.0,9.808634770277455e-11,0.011970639315898415,0.06432475606334442,0.017381720824532727,0.09417874438086203,8.245315055109703e-06,0.0,0.0,0.01812965993002516,0.038447919283402125,0.0021085390144205524,0.00475955061282068,0.08972055567429077,0.023336239597163612,0.042246822795841646,0.14486614532231118,0.12207227785692347,0.012168697624093174,0.01372824137334285,0.041514871907818704,0.011815284500440811,0.028798309316831777,0.0,0.029608992156513202,0.0011311525938652834,0.05961971206292709,0.025938393203205637,0.03428029575712024,0.0035182579971444446,0.048337141141606546,0.054822549971611,0.012617139392961505,0.028187335880425924,0.011881758407777892,0.0,0.0,0.01664023680856595,0.03350940564689717,0.01589550841424723,0.0628822432220251,1.3073616946468064e-08,0.07137829865137733,8.96403463578028e-16,0.03814393313750915,0.0500338299361937,0.02988457351941777,0.004777244606921579,0.0,0.03111792938058018,0.031840563041865784,0.05794642454144262,0.002549046974732705,0.06438667885570994,0.03474579886080322,0.035132690159635965,0.006194612657532886,0.042742419632425886,0.01171109919251313,0.008929812789674823,0.06682326140071512,0.00023604707917474182,0.030358827235051202,0.02330585425648168,0.0,0.0,0.0,2.0958289261215896e-15,0.015491725157190215,0.031723267781306026,0.032577016013254745,0.021161138637845973,0.07007250657205831,0.1747645686428664,0.027183873202817815,0.013630274021045599,0.05755641614551883,0.009852209700037196,0.024719668433624508,0.11431494747480316,0.15465859347874217,0.0,0.021544386435518162,0.0216680898265431,0.0,0.04047630336003958,0.07318603303629037,0.0,0.018727667114650185,0.007611107215014031,0.08398523684937236,0.039782072476182546,0.01290857940715569,0.015208511173288983,0.04586695576420189,0.072826514037764,0.02474606330102287,0.0,0.03560552763622932,0.012892118737927881,0.0,0.06939325314180464,0.0,0.0472975053613993,0.013673895126525028,0.01988929402938075,0.0,0.04501221155772497,0.03551124507681258,0.013172464527544048,2.8368307802819002e-14,0.003526854757060456,0.02243204160994904,0.0,0.010820740393818877,0.0,0.0048601155449654945,0.02153713494215881,0.05057510640876099,0.005403479854820244,0.0,0.030958295568532995,0.0,0.11966412547048669,0.02412311697783329,0.04807720846146506,0.018794974736962216,0.0771666104605008,0.11806225395130406,0.013625759867231845,0.004946653954275744,0.0683321683876161,0.043222970317007364,0.030801151019023473,0.048017086754415426,0.00879572146067276,0.025850215753937186,0.07810794548995147,0.021032901501813424,0.05755312669336061,0.0,0.03476730678845372,0.001915827633146473,0.026974116363979346,0.0035584766029761786,0.0,0.03993750141501041,0.029448893092023063,0.00902214171386005,0.008105923770541082,0.024099911302811056,0.05341475957167558,0.03947726180061356,0.017020523239026326,0.0,0.0,0.03216922392091148,0.06475213991972921,0.04733503415449038,0.07818473636513479,0.07379785023063379,0.050133359886057244,0.013417573449705445,0.0,0.09893174208472819,0.0,0.0,0.10767388162308075,0.006482849875406417,0.0,0.012949876904340706,0.03314438818426106,0.09215470612368676,0.03195417012751784,0.006972714136308592,0.030742812614585176,0.06986484404032746,0.00015198046073667463,0.01983542925727315,0.03274310993676506,1.034402147483972e-05,0.020570596293287023,0.023017798104024968,0.018709644975604442,3.0218056769177328e-15,0.0,0.019063212206005504,0.0,0.033487091035253526,0.011199062188130413,0.050486423591456844,0.022529173369686125,0.021345384642211696,0.05249105494808692,0.03469377333294716,0.13389965079252864,0.0,3.059010882859653e-11,0.0451637182533844,0.0284621158759479,0.01993682703450682,0.020924856291813988,0.04784288828236853,0.0,0.030395055989340933,0.02266646370619547,0.05054808524859384,0.009292162703217139,0.009015757852475716,0.01874605158707007,0.023399891330807443,0.03971472851728022,2.4793229040658848e-08,0.009611407555275517,0.007241540965987177,0.018563066194968197,0.03648886375458196,0.08384744764588892,0.0,0.0012546498871167573,0.01719608376489071,0.01139893843664183,0.06707002285787328,0.007829590799061998,0.04430260711643519,0.006137641613676674,0.048821504262660874,0.0,0.08439975031449572,0.01841808911279997,0.0,0.07613619948613813,0.06526190285360385,0.0,0.0723954739024411,0.03447443199998863,0.037591318376597446,0.03774245774827412,0.040429538944343424,0.018439373860260094,0.034682565380326345,0.007417429725508001,0.030404493904260782,0.006235124330227867,0.02484675419883922,0.052655962964440826,0.029936467430483973,0.01835748863514857,0.09814724933756615,0.00031537290325966874,0.024440337983174076,0.005960977748083246,0.017458745385128406,0.0,0.0787728580926473,0.011163543236953611,0.054589384983829245,2.4308283252392726e-15,0.0,0.029600869839615556,0.03735511512089949,0.02854693786002155,0.03533048804515497,0.015515202424127919,0.04127519746490479,0.008157785493307925,0.010980000686987337,0.013060824719465944,0.028656325639458514,0.0037953468528530935,0.03792953145557437,0.0,0.07378766165437822,2.3815469271166116e-08,0.008744983831414085,0.04368859568315045,0.0002194963694195307,0.004170649662437841,0.03979854817667781,0.07301499566435123,0.0,0.0,0.004500726750773006,0.004098192410382529,0.0,0.0,0.005579561634589749,0.06082204032235064,0.01526567610292033,0.024895346098783997,0.07249925018694572,0.03708986268821067,0.0335948633260071,0.06056191473370556,0.001919004871568222,0.03274049632404751,0.0278146595283232,0.09492789276599577,0.03657544753319604,3.6898404685044234e-13,0.0386548828055104,0.047844127996779756,0.0,0.02422877098374341,0.030789791176596724,0.024289781032021705,0.04381997724885331,0.004750837943091826,0.04582925924813669,0.001945892167907202,0.07671656725976136,0.005913265511580862,0.03815666726913207,0.0,0.03543680121594304,0.06910455461520414,0.0,1.7190361698629895e-10,0.00806643052232412,0.02608645157510626,0.032326500478971655,0.014013223230514639,9.801764871022423e-05,0.12156363657216673,0.03729927083193504,2.561110885331182e-15,0.018395794622754744,0.04240347169270456,0.017420346474972873,0.026887393050018957,0.021128247767294692,0.0143531925078223,0.11083979794363466,0.09886098095743928,0.04688474187831625,0.0818431540238701,0.06069352727861863,0.0,0.0,0.0020713034137383284,0.0,1.2957919056352645e-06,0.07463202435847542,0.0,0.04121176306065369,0.022372939869624818,0.09014621472104145,0.0,0.0,0.09829956740228213,0.018697176319259764,3.579662258892141e-11,0.0028004661619863867,0.050667021144600866,0.007485698858781169,2.127896285988803e-12,2.7511150771286348e-15,0.0,0.08687875530126082,0.011408745611578588,0.05736333317731937,0.0,0.04564763182854826,0.02214184505995976,0.0,0.03295588902125307,0.06961987787568821,0.0,0.02431886845129826,0.025034778133400694,0.020509270620632434,0.04847785557897819,0.07490676000207933,0.033268465911946314,0.027025011227530222,0.026913105330381153,0.037809277971936325,0.1882879838588101,1.8723327439574986e-14,0.04233812903743265,0.035924813454214805,0.0014214682254327863,0.00026429376076904577,0.025691538807033554,0.0,0.0,0.005902149605200731,0.04865033266512881,0.0,0.04160524135711587,0.05223800199559571,0.0,0.08333775745450157,0.03768682211673526,0.040305977788946915,0.05929735747821585,3.85155858056331e-09,0.028140638719942178,0.0,0.013754017414854847,0.0,0.0667944173121489,0.00936923296713202,0.04540911343126551,0.04932687473215275,0.011534185346500483,0.0,0.009527930662877146,1.1620948557501905e-10,0.0,0.0,0.0,0.02134156890849917,0.04767498841547876,0.01602781176350015,0.08184843915458656,0.01567498916025958,0.0,0.02648625265281212,0.03165184534622063,0.011775635488512525,0.02551439244332914,0.0364109526008051,0.10964872644200963,0.0,0.054971563956371663,0.011173758670863128,0.007208749180926931,0.024220356520697477,0.04448672391267366,0.011670743652808525,0.014629195422134315,0.016353000144776916,0.04410732694268767,0.0,0.017250137615112935,0.009361645820048154,0.05578636172622659,0.018476072379262683,1.6869430084764391e-06,0.06408997672941355,0.006823107081148345,0.014544338191906831,0.00530479996660153,5.868803287347646e-14,0.0676731890552002,0.11602402852228207,0.0033661468358951044,0.10059627358970881,0.0,0.030261483753083674,0.04550507241004832,0.0,0.07143810401517013,0.0,0.0,0.010167409529146153,0.0
Sig_2,0.07680875594940771,9.286820219273834e-09,0.0,0.012786244607286616,0.14301232914879225,0.018053465087677446,0.020621209238992834,0.0,0.1895748293586671,0.0,0.0,0.015295466138794185,0.0,0.14310442542940985,0.011562807904059468,0.09848205793329672,0.028194274588399994,1.0406344944615326e-08,0.08627020120001465,0.04214906517675554,0.023776397790717232,0.024612006302543038,0.03630637240850854,0.08115856372676077,0.0,0.02914662192787318,0.0,0.004765619255715566,0.0,0.0,0.05333730288307956,0.0,0.0,0.09350617110860139,0.014069381407525733,0.04018484140180448,0.0,0.11012077517580623,0.06605371288745951,0.0,0.17944921962553637,0.04538626598246001,0.0,0.06569617793359389,0.014584664420780978,0.19125734709541922,0.08189513195983261,0.0,0.0,0.01201280750265629,0.005669118607194245,0.0,0.0,0.017311064882587997,0.007329684836679179,0.07332190984141937,0.0504091677356342,0.10424981078505531,0.0197993047216523,0.0,0.08800768811016434,0.05998938853169517,0.0,0.0,0.015292915871427342,0.009196005412708139,0.10235525113654921,0.008361047531536124,0.0,0.0,0.013683188964766153,0.0,0.021901643024982435,0.0,0.08545742468006293,0.030636279324418893,0.05423141938878476,1.8529698567606544e-05,0.043892711275391835,0.025502221164922678,0.06460110481292372,0.08032935888946886,0.0,0.08136199316043825,0.0,0.1496323917376787,0.0463273492611871,0.09564228686131733,0.06619068627501287,0.07578516557843028,0.0,0.06363584017573551,0.012385796207858344,0.028024874973933828,0.014650646345565014,0.004676982805633139,0.0,0.06396924662805295,0.014912857395817887,0.07777581705656554,0.0,0.013959599376739948,0.07453763780296653,0.06683288428307377,0.0,0.02854973112141539,0.0,0.0895466830863783,0.01444070040845274,0.02082208823304758,1.777864039565926e-05,0.0,0.0,0.018810752174131338,0.005720078719536815,0.05392501306626435,0.0,0.14281988111045166,0.005875360039497522,2.38459815644915e-08,0.04467255576212611,0.0,0.06587253257164682,0.0,0.12899323542025998,0.11880624425527869,0.0,0.0,0.14001054306068936,0.021897100558943984,0.0962389584398528,0.07524068416142653,0.06389024642474356,0.02832710968333923,0.09292641840072399,0.13174131193931599,0.0,0.0,0.0,1.0210707824847213e-08,0.02069896221676098,0.0,0.0,0.08264090797869023,0.0,0.030774171456090967,0.17125045371879127,0.17514547118337148,0.007543589755990094,0.046167162544430505,0.014396321779821244,0.0,0.03570747622886568,0.13319234383752182,0.021568875732581774,0.0,0.0,0.0,0.02011520507366914,0.006022873271336573,0.14567840336066223,0.0,0.03311333719965921,0.0,0.0,0.0,0.18658708866905963,0.047167903357831574,0.02843462473541441,0.0,1.685486821761636e-09,0.17010827310401383,0.171848320000541,0.014666834051884346,0.18901888087785307,0.05864112740104571,0.0,0.005211178955041221,0.042705059643120366,0.0193664920866758,0.015613670102836931,0.1355963428961371,0.0,0.10623649517115474,0.0,0.02851683743599951,0.057102891669533154,0.0,0.08623729755236004,0.05047730360150721,0.0395793219389419,0.0,0.0,0.0,0.03616903615968416,0.0,0.04617404650042729,0.1544993789578705,0.05511738638451266,0.0,0.04225812477767853,0.0,0.0,0.03944569715239432,0.09121297011895832,0.0,0.015743943947399912,0.03603612678962198,0.0,0.13763364231168856,0.07705023216797316,0.011766895662946432,0.0,0.0,0.04767995378272808,0.0003224528647012533,0.10117252765534084,0.003945152113193909,0.1508349368796471,0.0,0.08248724657473093,0.039505367339574375,0.09070278696851658,0.0,0.01592630280315161,0.037379790608627214,0.04821830691107933,3.5317515264009775e-07,0.0,0.04194397584346911,0.0,0.022314511228737118,0.09240618967610954,0.030699216904177665,0.019809493711552776,0.026681862506007122,0.11918436025923747,0.04813671039792815,0.020060000896133537,0.0,0.06850866655031736,0.0,0.12301906205113396,0.10200904149197394,0.021679753534494046,0.059554689876479786,0.0,0.088885627881103,0.04224496428459773,0.0377665769249247,0.0,0.05009195269980148,0.03580362042428334,0.0,0.015156472608734503,0.17592667134773077,0.0,0.1363351831975439,0.0,0.030797269900975772,0.09412138444969113,0.0,0.12998085152248035,0.0,0.02944407856042125,0.07714064450600618,0.040715060407711424,0.033205861410844334,0.04755585248208495,0.054497384396445206,0.015832725219772616,0.0,0.0379306439150477,0.0,0.04364456668445869,0.006580413600115019,0.04659336800461895,0.004920442964446896,0.0,0.029274383397311934,0.01052727591268718,0.02226367886501891,0.0,0.020435202782520166,0.0,0.008278225754167014,0.0,0.12781444071005355,0.008469100690733719,0.1128317953886535,0.048545314167776604,0.02767775101564424,0.0937798310720321,0.07406581175149868,0.013142078693645016,0.024325910931469765,0.040122799326686345,0.036082271531118856,0.0,0.03508367716378307,0.02813648776782073,0.20995518601251878,0.03478045582540898,0.041510981869928694,0.0,0.03048854135539976,0.0,0.033937132745468945,0.04201502329163907,0.04275653854200989,0.02334234752439012,0.04211184038190492,0.13980735731793031,0.11214872876385794,0.10556122174768064,0.0,0.0,0.09500141344489733,0.06437734398044914,0.011983653981657388,0.019762897390282957,0.0,0.01193205269589131,0.0,0.008124069311314678,0.10147391134849737,0.0,0.06271349225432095,0.0,0.0,0.1251600312602185,0.11691556154026463,0.0,0.0,0.0,0.00013888852361107164,0.0,0.0,0.0,0.01959950083183557,0.1818750026211405,0.03295769606320912,0.12792577543025044,0.06545501014701466,0.028784619820895155,0.029300736530227543,0.0,0.0,0.011367507401800118,0.0,0.02400965053141753,0.038491979224693995,0.0,0.00021517430891061738,0.0,0.0,0.06202871677458903,0.0,0.0,0.03739969671781624,0.010961597651588635,0.022771740385534284,0.01297796817561229,0.11119037727640241,0.04678264958463128,0.10597470640083381,0.12264911083578588,0.010754149512803119,0.01619644920557326,0.024935139536183093,0.035519897472281375,0.026710328011589145,0.033667841472675174,0.0,0.020111857507445534,0.0015097063577924614,0.1354875323896492,0.05791871332374566,0.08162212204024141,0.025094219192440308,0.08858969380603143,0.015443341651948552,0.06959471785331683,0.0,0.024527563879543756,0.0,0.015466247187498975,0.0018059853723180334,0.1529373589314897,0.0,0.005834146644862502,0.2060706751350029,0.014786729892825173,0.010779365312904823,0.0,0.0,0.022020666166755118,0.029976886914380208,0.050842258378929354,0.011257666707164183,0.10197051660628964,0.07846081913448924,0.10659750723354657,0.0,0.02604461752376127,0.0,0.04481395504598311,0.0,0.0,0.10736980842154645,0.00026435653269131287,0.04135191609182896,0.0751286349944667,0.0,0.0,0.0,0.0,0.024299808775202367,0.0,0.1831242876448004,0.0,0.07193751268368578,0.0,0.0,0.0,0.1833216432805523,0.01979502123623045,0.037503720872217136,0.05618679183299328,0.10456360685373813,0.13985479567387538,0.04568757792156216,0.0,0.02536632332088745,0.19503326645622165,0.058197596519741185,0.01882276641479738,0.0,0.0284187012381124,0.16666300285819396,0.10463295170860291,0.06411107271109096,0.09975806262216971,0.0542930586465006,0.0,0.08332247943220088,0.0,0.0,0.09201271732412773,0.05805420848428109,0.11738031540630219,0.0,4.8567942530564726e-08,0.0,0.11726412864575496,0.011906143452037995,0.019389163811300666,0.03812270902076319,0.033327625366019895,0.01334923394512502,0.0841728535016113,0.023513813115398616,0.07216251222259257,0.14204313577838618,0.13869262433643317,0.0,0.0,0.15920079880828977,0.13215055753919835,0.04348641152110981,0.0,0.1672244738560104,0.1755895673123855,0.0,0.0,0.012796859779145985,0.0,0.01186087621098695,0.0,0.050582067599632234,0.08372015628512362,0.015459070360473157,0.0,0.02717049132742872,0.008676923594129254,0.008960626702013278,0.0,0.07360562284919167,0.011423641281043971,0.10892143148832203,0.15135282540327405,0.0,0.07518793595227741,0.0638301645138726
Sig_3,0.01632666433107104,0.009810525368330316,0.015533352561977376,0.0008725689802734139,0.0,0.0,0.01828870862337937,0.03406963890742354,0.0,0.048565625585116796,0.009919931435227541,0.0,0.016963296595059695,0.00755685773771296,0.012770392232562771,0.011879324292401938,0.007836484948705202,0.0,0.009123949172734907,0.009090247581881962,0.030935831037723842,0.052601007376365486,0.023400313387624133,0.003864357737779023,0.015781383109717037,0.011491300955896686,0.03625924693633866,0.005683331709231457,0.12657588459825087,0.03252076842339293,0.010706474812642712,0.08313889089051205,0.011500003220964693,0.03133249592692825,0.0056249542946368155,0.013392292764505735,0.0,0.019033263270483006,0.03110491289912533,0.020145322552193517,0.011809281294238796,0.04503320591415863,0.005634097785872265,0.022215231939979794,0.03449107551291193,0.0,0.0,0.009040721841442043,0.05109558781162635,0.006205898930208724,0.04631419334417556,0.03895912180315892,0.034436081984152864,0.019000429407801254,0.0072430996546119985,0.004564423016305362,0.011683692276951157,0.01422171537894444,0.034767046517844916,0.14063984736460935,0.012903138304939174,0.01784803241564714,0.019377929790925185,0.04454466028386529,0.0,0.004559036870910119,0.0,0.03957826824112343,0.01645103740350086,0.018005848265955363,0.008009803005590406,0.06886799382122194,0.02460356746535713,0.005842400626461389,0.022952223359165705,0.0,0.0,0.0,0.0,0.009781301894084363,0.015584691888940646,0.033716231512243046,0.01092422621911978,0.013634277292722888,0.027398260809527963,0.007719280443836764,0.0,0.021846360917612648,0.026660790438404854,0.04012159032860743,0.0,0.0231600853906148,0.0035508481186624797,0.01831171108436904,0.04551365613820534,0.015885819494576056,0.015076741578691778,0.0176034525924105,0.01410423954904237,0.008761959633358473,0.016536425706200668,0.040812924329106146,0.004976590971530469,0.055554448233395295,0.0,0.014943581802532406,0.04275624816131493,0.0405046464720895,0.025120324445343362,0.07333378778873308,0.020383983653223917,0.004096322980426997,0.0518206021339001,0.005409323279787319,0.0,0.059640144147682796,0.0035279960540767247,0.020031009051985696,0.017465647470038974,0.03714006821074142,0.019723173339710062,0.04604423782237195,0.06225673427583306,0.0,0.011442099627053507,0.012213143388074785,0.00839567216861061,0.046821853092145434,0.0,0.02077952228055034,0.024175883303910295,0.006951895805526257,0.020568397406447936,0.02008870847507761,0.04342875732548235,0.0152225837500866,0.011423718525514296,0.005133053006367847,0.06965753345933622,0.024407477136317707,0.09041064466067368,0.007031785435283091,0.0,0.00460260582684958,0.01856395687058689,0.03484235230904472,0.0,0.004978762231703907,0.017652190298565754,0.023948705074094728,0.0151190988666568,0.0152315874224016,0.012584953559890703,0.006500870823625966,0.014986697557860293,0.021248064153729953,0.0,0.03670782252175222,0.022376794961195757,0.009298868248485288,0.016334343675545218,0.04680164110262927,0.029832477310724827,0.00965073990652842,0.02008690356926942,0.014506354514016974,0.004106366687035415,0.03803092681655429,0.0,0.0,0.0,0.011121913790672577,0.006556075110823526,0.024764396102395697,0.0,0.034232365966875754,0.020332518012925193,0.017391951209769368,0.02401838700149162,0.02098730933596906,0.013911851920012373,0.007444731889496364,0.015247569987946127,0.002446108763138556,0.0,0.009712703466044154,0.006327028824348865,0.04341051617952807,0.031337639224744515,0.0,0.04106135704608738,0.017831214923271225,0.026530712529526584,0.04804067224526457,0.046957972879158566,0.005622167467164124,0.020241067721212397,0.009974943120067508,0.0,0.021740818227722454,0.0,0.28123380576172285,0.0,0.028084570196902463,0.013598396667663605,0.024501209199739745,0.011179832823295707,0.007129630907924406,0.02218979614373078,0.011181174792026101,0.019574517659640286,0.007518264290263334,0.029207965988566235,0.01757244623949936,0.027503286349929917,0.0,0.01481027739565188,0.007497413063648758,0.02863880841977994,0.022261915354786718,0.02278137519296693,0.018320259655714034,0.055033555062699455,0.13831395394277038,0.051727732840974976,0.032336448666291366,0.02414950126422649,0.013915974897825492,0.03328236812173988,0.03083541329905688,0.048149211705095694,0.033935895983731736,0.00841474656409431,0.005719659717208704,0.023630039374445935,0.004185431489108269,0.00794662277033992,0.021618416784941877,0.029411257693702963,0.02481321620863132,0.0,0.004910285167435713,0.03056768640907194,0.12423210445433892,0.01591320244215694,0.0,0.008873280228127072,0.014231221800853044,0.027774724288136664,0.050536052821215136,0.009874936989790464,0.010231372874517709,0.004988761625447858,0.02444674028860901,0.011808913594379866,0.010029570257573622,0.016543125515996397,0.010426880437917698,0.0323091155853002,0.012301876096156206,0.01678440459734209,0.031068277961055924,0.012105800982896233,0.0,0.009870593075149689,0.011998916877919529,0.025823075749289808,0.006869219838425045,0.017505200768726255,0.022619940556448243,0.026443358658516443,0.048981190578759486,0.02427308797678837,0.015904529584922694,0.049939876395753244,0.010661364230750746,0.03271891168624775,0.012706336651433517,0.009948634367952775,0.0,0.0266885217977012,0.027124295322552616,0.011213096929682493,0.002573887926376182,0.019358567091108718,0.020321815693267804,0.014111809526921579,0.01641333901971788,0.010298606736784871,0.0,0.0,0.026545528189677304,0.0074819966608190005,0.009844536244802587,0.05024977130936932,0.0014519486844955277,0.03129236110207664,0.02904419772525182,0.007085386374979356,0.022986043736687504,0.02195991334121659,0.005684120882589161,0.06683949958760833,0.03851997967449123,0.0,0.007107548601000342,0.006461663797214369,0.009846350529280987,0.012480774040372624,0.02415588652966013,0.010520450651153113,0.00904391525252134,0.007836191349605191,0.01044179952484474,0.014796317794251251,0.07141057974639162,0.12048665815956117,0.015702990319106942,0.010474268282860077,0.008737219461139393,0.03176138568997312,0.0,0.002118006554740188,0.017875640188074787,0.004313256473061631,0.015795578189323707,0.0,0.03457675427814522,0.005052568920377492,0.06645576711719763,0.0038965560916235657,0.019016905017730585,0.03984697316286938,0.07328334587032062,0.03398278874188138,0.010214316499939863,0.01987548255030432,0.014103224388964563,0.12054846088952918,0.025664209807704008,0.007651185209548438,0.03076737519536436,0.009846406715433527,0.019430659812736357,0.020691752122691705,0.02893268526892813,0.030242302213781182,0.0,0.0,0.0,0.03691777343082933,0.02218442929934347,0.0,0.021376542868994063,0.01987333031078205,0.0,0.008924102301477265,0.006308770533445165,0.05665740782985988,0.031305617590524304,0.0,0.01189590061179145,0.0,0.018031780050199387,0.004250980604573484,0.013706474245512933,0.01647306550705049,0.015705026121716342,0.03216790077653388,0.027331230548109865,0.014823766422342654,0.0,0.012899777167388105,0.017553740405086855,0.0744564021944271,0.0032225860968461283,0.020096570229921323,0.02225576254297951,0.0,0.015127248934984665,0.01668941878386319,0.032552477219071466,0.019776663990638738,0.03721164122795376,0.03728804923248496,0.04849452689672618,0.007982632940262031,0.03764970036183181,0.02407597139065916,0.011227613274671686,0.03459490260302164,0.010154114156458316,0.043541065645919974,0.01047972382393408,0.030948740776700442,0.02524926548651308,0.0,0.025862167959499693,0.02575358412461602,0.013058735921498392,0.013342729775103436,0.020956440399045536,0.021692231172822138,0.03399341414428952,0.014081972114945166,0.060919884809996404,0.1124294585986244,0.005839477321388331,0.007094346755464466,0.021619985531260103,0.018163199864182574,0.026702833728230586,0.009206479344323873,0.036396027695333816,0.06804176803485516,0.0156928237511367,0.009954836627284625,0.009610396389653296,0.04484114078629121,0.0,0.0,0.007065306687359624,0.02316315213789103,0.03976580768437325,0.02157155689460265,0.0043387053848039005,0.0323875029750704,0.05125307926387861,0.0416460468311218,0.006286457818664672,0.011227127602250092,0.0142556897088979,0.06393151779956621,0.021161829429351617,0.009252423673211906,0.01887093353216094,0.026733283910534787,0.0265327767685353,0.027768852093462592,0.015268881931306993,0.01599628341303125,0.033343694911433346,0.0017154201665990697,0.06072744423398399,0.0,0.028913750677304804,0.025621501211458668,0.024133755146152923,0.012327589618409381,0.01790819292836273,0.007875143512440855,0.03798035733565725,0.05803951717662133,0.016238729435232118,0.02403917443304502,0.010986490074215158,0.006531820040407642,0.0,0.0,0.015555691796658857,0.02447304398671582,0.02097364728663284,0.005759997439184796,0.022327112259142516,0.019754789088067732,0.023398410489766142,0.0347077502206433,0.01259237578133641,0.0035601823870285688,0.033954836725890426,0.03050243339574329,0.015724408231848876,0.004739063891614363,0.003510223888120325,0.042124138538094553,0.005023589533720914,0.018308084415152717,0.013243438316833795,0.03479371315674978,0.015797580272279756,0.011827652541087943,0.024048269283905407,0.008930358752612536,0.007552257657494726,0.04000845551107664,0.02851334163075619,0.043864140784699926,0.03374277128343615,0.047278338223241456,0.03077569929999759,0.0,0.04989675843473455,0.017058783696046766,0.03657165442681871
Sig_4,0.0,0.027805581380522176,0.012560696099950771,0.013150399364709154,0.004677351892061584,0.010570984490713626,0.007601328507401545,0.01653915253511911,0.0024660371092817992,0.008699057434118236,0.015632425853762937,0.037935628524204255,0.0,0.004923191045456916,0.02464152142610795,0.0,0.005037491169744419,0.0,0.004021665246576961,0.011095500466313803,0.027624485504937207,0.012205669304906025,0.019919750256189014,0.0031289319507462232,0.0,0.04317698189481503,0.0063047428503999635,0.013838728260293124,0.0,0.019041981605651695,0.030883803599303997,0.0,0.003986890867462735,0.01105256785695937,0.011515648412712656,0.022207772662487888,0.0,0.02035608295711606,0.037214074589247456,0.03495037997308162,0.012609196182057575,0.06295223856865846,0.017282610042725334,0.0,0.016694783486068804,0.005987779689077539,0.006594807730860507,0.04185898407954187,0.032606694896890255,0.0,0.0161316827701314,0.010258810911969724,0.0,0.0,0.009366927088051938,0.0,0.018782263870975188,0.002240985230458568,0.019037919071644545,0.19393849955313774,0.03013264052271926,0.002911151373222367,0.024933921648968644,0.039339477427320496,0.004819595763903783,0.014335845192524349,0.012132453786287934,0.02684597536428414,0.060331166242137246,0.014221890594716258,0.017904601442629547,0.0,0.03921305013916559,0.0071522221661526435,0.01067308814890185,0.010411982974645365,0.007467840954833171,0.026846508824598925,0.024041846261515804,0.04532933220741389,0.012405297400761196,0.00401521014478709,0.03064962166615874,0.010312797607812741,0.02036542464217753,0.008539763225797869,0.01875855206301768,0.0,0.01416673939461811,0.01555557971709515,0.020724634044765582,0.03010109109783077,0.011146471758923401,0.006252509678063765,0.0,0.009786309705361105,0.011124399383475344,0.005277332072381134,0.01086252676064969,0.010918800513146417,0.004173936099747018,0.04538378346061325,0.0,0.040483386588265044,0.012964562595659491,0.0,0.02320990866763597,0.018956582975850136,0.014327021064566625,0.026736161274385245,0.018033373539506112,0.0038878855199510173,0.06022172178987722,0.009884794324439033,0.01618566653735402,0.0382873043097197,0.0,0.0,0.00159790561195116,0.02774754531986794,0.05689532303339124,0.018992683079691416,0.024970897920290194,0.011820489829053656,0.0074078824985790515,0.016069960625824657,0.06578725879194212,0.00616236481670999,0.012566689559308336,0.01548083328809713,0.00715053148810604,0.013527287391601322,0.007417668759766605,0.016351832092784957,0.00799006822511612,0.006898905385900155,0.010885041962678388,0.008001806183572232,0.015497705623817077,0.010413284086282726,0.07087948592025142,0.00818262141603685,0.035732250263998004,0.0,0.0,0.013739134582562304,0.01006972102688216,0.007613488191247786,0.02751436125893644,0.025785314108390082,0.00713087403191876,0.00801858791830718,0.012491171109733612,0.01693414377803039,0.07935279155805938,0.06488309639723282,0.06649233412658813,0.010245054942742334,0.026028420392272815,0.021198892287991242,0.004424763947836318,0.0,0.0,0.0,0.04179363828188131,0.01925015640838178,0.0017066374740482807,0.013014795057019565,0.004394989646340359,0.0,0.014085372816621177,0.016286523551190504,0.0052809400523334705,0.029703633226671227,0.0014989643594618832,0.030296869478284607,0.027259210686792695,0.0,0.029918577270678683,0.0,0.013231995427350207,0.002146159415702577,0.01444490032195285,0.0076785708291878495,0.0130260993144726,0.010299775322716555,0.014950474242162956,0.03626360095959568,0.018893584285057132,0.0036074176628047338,0.0,0.028453521463609854,0.030974500657189236,0.03792296676705694,0.012479749080638751,0.010940745249617722,0.0,0.0036685153630394143,0.006922044447978699,0.009004270474282917,0.006941262774595561,0.0,0.04471999505484754,0.009320239670394156,0.010700866763637908,0.0,0.005434014042248825,0.017111101035493532,0.028357254278216528,0.013677408565486287,0.014045068888132207,0.006053654228858887,0.024813224496751878,0.007851642873496168,0.014524955022938844,0.0,0.02201006144120099,0.012678442719044284,0.007041932751217557,0.06166826569304406,0.028381183974166748,0.02550559622496701,0.03340844873429688,0.05171751408856812,0.024589841639659608,0.004207405376516646,0.020723207847987653,0.006695838447926254,0.1319760550747193,0.048222511785364346,0.0,0.016769909570479212,0.0037846072652093373,0.01773076553292872,0.005614714860585178,0.0038910767020449892,0.012333950553090795,0.011861641319974067,0.0,0.0,0.015860635647821714,0.03380750853687758,0.0,0.020628376254203173,0.008477926312529862,0.0192040016834923,0.0,0.014939887178787003,0.013925427582924718,0.03774599810669437,0.004846513198343525,0.029970745511276993,0.01461547220327513,0.024193565390020606,0.003441545139326809,0.006920940252349941,0.008846436480831386,0.0030378624523631275,0.03797067739324301,0.01232380912120825,0.016542356503619498,0.0134221040573957,0.007731159249217569,0.0,0.013134157980697789,0.01466991790797018,0.0,0.0302082065365422,0.02178324310201771,0.020811154717796217,0.01564603302667903,0.04389351079344688,0.015341177087514932,0.019829416999797064,0.014537049439406764,0.014547113438571159,0.030697123373375882,0.010150583245034124,0.027578556203785503,0.007770620936087075,0.016698768160291283,0.01316843871961598,0.018297195228165395,0.006668322594702422,0.012157512365904228,0.019320039618764693,0.016234986839565983,0.0022954937242304603,0.012849838882682662,0.0,0.013183968728424682,0.04950377482698481,0.011846980779241031,0.07379393436380054,0.020292867294725857,0.009929823209087389,0.00686057523630025,0.0,0.016274480556717295,0.024794367137327394,0.01610240532679237,0.0008224626781027245,0.00754241700502141,0.015154253624671979,0.027476565793607716,0.029620032488262397,0.03059161018520284,0.0,0.025354100338363193,0.03609006243123761,0.0035339790255068016,0.020913812265663988,0.020529409853693795,0.0,0.014116695295550678,0.0,0.0,0.003631425013824788,0.029881147308339007,0.008533451595628376,0.0052442373346189,0.0,0.007271669908300863,0.04982449917411521,0.012614351510194003,0.011302030846303497,0.0,0.06529977639776129,0.056248889327081185,0.02605303536608102,0.011477405582646897,0.005428456331279166,0.026603469370726007,0.0,0.056453189154917136,0.010322011008980172,0.058003724073929404,0.025089034062423122,0.33246973344127173,0.011601669479131514,0.0,0.012843233463553426,0.00438133978818517,0.025258516935331956,0.028412301997585796,0.02132777906428932,0.02437655150158611,0.07776649712663543,0.003911376275951204,0.03510517490026716,0.04235401170408058,0.020332008007535585,0.0,0.0,0.010187631010234587,0.01959728419710145,0.014744661089331099,0.017585392127212027,0.01584820275176205,0.0,0.026048848306959027,0.01346618978785563,0.03590588070672779,0.015002369516504136,0.004631378788677931,0.004712072631058618,0.0020357657997950632,0.021381462242369313,0.024435315414921763,0.007922865970602988,0.010068719062238052,0.06263105117755151,0.035670709053152935,0.017871608606111783,0.02630530146898,0.0,0.03283983269869732,0.0,0.01810846427703523,0.017936291139444047,0.014396281286173915,0.014880171791651152,0.007414879044567063,0.0,0.010220449078566863,0.01056105692330505,0.0200458660940057,0.020017775547436945,0.008087232442242173,0.011224494905381046,0.015465234680927692,0.011716739291326283,0.006235902708407896,0.012654448950048545,0.041574256795919806,0.03897681523880694,0.012055821574393576,0.024589100470620948,0.014871545402570185,0.03009654910338091,0.005718613917744565,0.01153338378606001,0.016155289296847185,0.06816922761524298,0.008683600158726124,0.037127578470719624,0.012531534785289053,0.0494864756535786,0.028421886720293412,0.007072147489643471,0.003163921456913993,0.031082420623709382,0.012274885921174348,0.04559648542739703,0.01442519380609445,0.0190357648475409,0.036557531722821966,0.006534811699669816,0.01944871807913776,0.008061390096713906,0.027944599177916515,0.032024778450986724,0.03246815574478324,0.04303940875684331,0.016082668400117295,0.0,0.030284976742956375,0.043631086401049964,0.032198157090442554,0.0,0.007919504395394518,0.020877231255084082,0.03994122767931169,0.03947008304954649,0.01132018432800291,0.04882928922250654,0.006643663799468268,0.02259259267536117,0.00418363241776454,0.011314393789613698,0.0,0.02459821597941346,0.009906036143836375,0.014106734090327798,0.013777088429565723,0.0,0.0,0.09873264417895958,0.015031133530507154,0.025837397785716833,0.008303678427728983,0.10825315228264298,0.03345798036753332,0.021265093167020556,0.0,0.022986371724073328,0.013202525537189697,0.0,0.028090294328299997,0.006518202000284049,0.0029371599742026282,0.02418936550974012,0.033822760539765684,0.0,0.015913033485154954,0.003328453936746548,0.11376873500271019,0.0032774524773669365,0.006041208909326021,0.007985812151440397,0.01508771236256356,0.042629410793973234,0.003443442697058649,0.007606148798871592,0.004286381528793296,0.023339123490006778,0.0,0.017410859212042117,0.032439727506958144,0.01800477298905479,0.004173819107009541,0.005806124747761019,0.020112363713277327,0.019322951234058715,0.048572849118969315,0.01798935680714108,0.013190445241017444,0.056935295981382875,0.0106032684328607,0.0,0.014766070365113872,0.03299421605955822,0.015179290197793158,0.0
Sig_5,0.004167921798905291,0.008064914106888567,0.014955584715961812,0.14370150646877047,0.0,0.11442624432254579,0.03602242982051402,1.6377731519629672e-12,0.0011178644305214673,0.0,0.02958351544099349,0.02884484939533552,0.0,0.0,0.0,0.011629201884045653,0.13547594043433558,0.009366328399786572,0.008498077407267983,0.0,0.0,0.01571030601980982,0.029200016507367477,0.011248499761918326,0.0,0.05775902127127324,0.027617950164169208,0.09483273725835292,0.0,0.0,0.024998726198724897,0.07445588784288135,0.03395309495078624,0.0,0.03105241385916315,7.562914295767324e-11,0.0,0.0,0.02838339764501732,0.0,0.0,0.0,0.08891119695262652,0.05368952966464647,0.039355251424685794,0.0,0.01158547586321839,0.0,0.0,0.0,0.06581014145133905,0.0256367621987504,0.01307351342580462,1.4042250133863883e-14,0.11326427826009877,0.018044769829328493,0.025267932607804668,0.019783839357316015,0.03189404188199835,0.0,0.018891299208920194,0.037834404451488425,0.015819746734062497,0.012513270606605394,0.06491442521215708,0.07763938865094917,0.0,0.018210493910163383,0.04577309046395761,0.04353842907533936,0.09314932878944493,0.0,0.05029540905372281,0.09911486642015958,0.01789449022444271,0.06584068031937802,0.0,0.0,0.006125607206992568,6.671217322199449e-15,0.010854827369134148,0.0002360601025738623,0.01621262556210809,0.005334915617670836,0.057754686691175075,6.201731376309588e-10,0.04709227091767962,0.0,0.0,0.0,0.02704565554117084,0.029536399566155957,0.08911324195332777,0.052440166603805974,0.014425332679102981,0.024093922597455398,0.059691046661069495,0.008726254488728437,0.06800402264328831,0.03177893781564241,0.0939484016922422,0.0,0.05194973014440783,0.0,0.12021536181731339,0.0,0.0,0.007476980695255641,2.8233188716789737e-07,0.0,0.10204717138979176,0.08227667062013717,0.0,0.10660878155867046,0.09075212338606468,0.0,0.059328387922971244,0.0,0.0981946705579868,0.0,0.0,0.0,0.0,0.0,0.0,0.0,0.02610364844945976,0.020398017552861535,0.013537437327046934,0.019251010469541818,0.02694163439400582,4.019028057933571e-16,0.0021778442306669764,0.0,0.0,0.019719174967267095,0.0,0.04399213822578643,0.0,0.0047860670582017765,0.0,0.0,0.0,0.0,0.0,1.3616680049242018e-15,0.006561448564931051,0.016470893515796454,0.04209980032176772,0.0,0.0,0.02817448213629156,0.005407951136249683,0.01711167471453112,0.0,0.017415509630076712,0.0,0.038589386526201544,0.0,0.0010352050240957597,0.0,0.0,0.014085280804050778,0.0,0.0,0.021261365195090514,0.0,4.536190274276015e-05,0.01308765645761636,1.893095776544693e-07,0.0,0.007324515965131659,0.0,0.0,3.354269178421575e-11,0.0,0.0,4.5227231693320955e-07,0.0,0.0,0.1006082388591336,0.011854664154299322,0.02850005887203281,0.0,0.04234205305646917,0.11088468518013937,0.07815540917286565,0.0,0.009509922860874185,0.07179411040664974,0.0,0.010461082516852382,0.013140031523256875,0.0,0.0,0.02739845568838796,0.0,0.0,0.07929458663425133,0.0,0.0,0.0,0.0,0.0,0.0,0.0,0.12530036752179174,0.08013683298732081,0.0,0.0,0.0,0.0975700522179492,0.026000424757955568,0.0220547815426781,2.8840463316943848e-08,0.10455462969369428,0.008651200460169425,0.10024313984996652,0.005573897574020507,0.03638080406313088,0.023074738126199697,0.0,0.0,0.0,2.079094226781144e-11,0.0,0.003435269354703069,0.05783938059541096,0.0,0.048983737365234876,0.0,0.0,0.027241191516531246,0.014998434428862046,1.2529273747851e-13,0.09219888992948476,0.007954452283411923,0.007685769045792187,0.0,0.0,0.0,0.028449389064709302,0.011883529470764338,0.0,0.10973493236904588,0.012762999564036039,0.0781346855195475,0.02041884008724146,0.0,0.026343635083455837,0.04547114407084039,0.0223471577429091,0.03216149782414815,0.034816075068066214,0.09933943658359826,0.002748156011994603,0.05262307557481936,0.010498264799695704,0.0,0.011884087357875467,0.015416277367306889,0.0,0.0059558301474867134,0.0,0.01700410922794268,0.01141403631700655,0.0,0.0,0.01093734219582851,0.026107106590662812,0.0,0.09621304405180187,0.01626894248003783,0.02065110771311014,0.009183742008847827,0.07852791565624377,0.0,0.07508212948638472,0.0,0.10872047880658985,0.03678554712751001,0.0,0.05344241149991149,0.1290048071346816,0.013726300725978899,0.05441500285735427,0.0,0.014276597252910942,0.0,0.0,0.024824149692069676,0.03022903113637281,0.013256792133983418,0.029230205837329364,0.0,0.0,0.011824123394285924,0.04055214772235372,0.0,0.04617096806109071,0.0,1.0232645984013223e-12,0.04438946149940032,0.04676081483940034,0.040860771954655255,0.018336091543540167,0.04858479999368172,0.017861023842423433,0.02377854625417086,0.009380979678767337,0.08025574565156893,0.05517343890089474,0.0,0.021452643746075473,0.0102987880881948,0.0,0.0,0.029937746443586086,0.0315636270976147,0.09837479128809538,0.0030752355706466675,0.0,0.08667764771208014,0.0,0.10594577600435424,2.2529125735327527e-12,0.0,0.0,0.0,0.014200506224616124,0.004895961972473399,0.0026720015499826287,4.6374439216445595e-12,0.0,0.0,0.026920007214385446,0.023226332392445155,0.048246678523164596,0.0,0.03627135504547835,0.0030246195939778973,0.002336487947377333,0.0,0.017888654871030005,0.029057099275465757,0.017187705642324996,0.0,0.010266532617884568,0.04810592019206215,0.0,0.0,0.018416127613776437,0.0,0.040194615859664766,0.04327354854815468,0.008535920145434573,0.042261697267131026,0.06471396162913533,0.06814343347938459,0.028623643302557154,0.0,0.06752712579264127,0.034616470768794275,0.014100415764021048,0.07977537277787197,0.0,0.0,0.08805126283879637,0.0,0.013415794963482067,0.03317487647188301,0.0,0.007043674592484267,0.0,0.0,0.13243966634138118,0.013617736438080917,0.032477906172954464,0.011086184778251304,0.05871403366553131,0.013748941383147811,0.011785068078701801,0.0,0.0,0.021967679855630105,0.0,0.0,0.028826361025676046,0.006209208444446685,0.0,0.07967949847585064,0.0,0.035290174499258704,0.04157638454218125,0.0,0.0,0.005766331752258183,0.029111815787317676,0.0,0.03694561029724554,0.01975851035134622,0.012499444428722632,0.008640494356729946,0.11467776285278629,0.04959938169852814,0.0076234684140342205,0.011783436156765153,0.0,0.0,0.0006118824881803009,0.018700275073913895,0.0025390328025974994,0.0,0.027388774287196674,0.0,0.06064809454456413,0.0031690372386526974,0.09508232029149981,0.03466016891617371,0.0,0.0,0.018674548341660182,0.0,0.0,0.02136016488302953,0.0,0.0253211364829504,0.011275892258235727,0.0,0.0,0.0,0.0050308288015765154,0.05303678034219968,0.011785892200746178,0.0,0.0,0.04242849221027193,0.0,0.0,0.007270313099652684,0.01666902132830866,0.0202534767230104,0.0514859393275987,0.0,0.0,0.0006771406708765895,0.014309188715997113,0.0,0.0,0.0,0.010009412482385752,0.0,0.0,0.040279858265462556,0.019941339394537485,0.058708171572796036,0.10877399521419391,0.02393801343324345,0.010718939682823368,0.0,0.0,0.0,0.030312532373394353,0.0,0.0,1.2628342662364342e-07,0.014854464738462548,0.004056072105025959,0.014335082207094767,0.0,0.0,0.027701029145752645,0.0005317223381152709,0.04861897646785626,0.011272934284434337,0.06818042579470297,2.661145324147178e-05,0.07481845012045768,0.031387083396028026,0.03422749420324559,0.03043827616163338,0.030893379942811806,0.032952221766576875,0.04998642691833931,0.06442369956668254,0.06569029486311831,0.06607552261620955,0.015793882147170802,0.0546547994874284,0.0,0.009689860041862024,0.0,0.018287733303672886,0.004617134023331475
Sig_6,0.0,0.01429093634641148,0.016378813162178252,0.0026779224846408766,0.013419200691911853,0.012256028932754853,0.014643984387284138,0.012958686455187904,0.014989454712676587,0.0,0.00616880350379688,0.0017519427600710803,0.06672477328849619,0.005960974964682265,0.0050274969924160974,0.011673091641416004,0.0025245401013435313,0.02703001419266304,0.024616256030308134,0.01488875559771939,0.015298990066240708,0.0050726296586308195,0.0046381191627434945,0.006270322408585075,0.0038924732037417323,0.0047920156855482095,0.002501934548061783,0.009264179268585518,0.0,0.0,0.02294628012315616,0.037863357460909186,0.005783917295909867,0.02563298224225654,0.0,0.014127556124534707,0.06308285793654708,0.0,0.023440725699275997,0.04171243149608299,0.004166018283900574,0.030126970538511905,0.01308476409932774,0.0,0.04458642280071053,0.014155787471110143,0.019003317973115743,0.006572784257019178,0.04462479796417974,0.03568159831395039,0.046693508994008766,0.018018706479237128,0.010821548985578635,0.0,0.01653494723243166,0.0,0.029074196165905675,0.015377468624933272,0.03712621990509022,0.0,0.03542619413205368,0.010831628781429022,0.02307614041859481,0.0,0.05113103001721304,0.010713792438376755,0.02544997445231894,0.0,0.031453835222802894,0.0,0.02028155443906005,0.0,0.004219101605649253,0.007614112686545476,0.006205367499447588,0.018585819797140163,0.02447012081828889,0.006144361750111239,0.01606588864904103,0.02264309174434194,0.013839650226274465,0.0,0.01761334353189668,0.03386116247161904,0.00924566758738444,0.031099579219430625,0.0302107506157855,0.017248604269442604,0.025304205657396776,0.02388156368008089,0.009445576343577946,0.03807269633723049,0.014276624521043616,0.0,0.004313245531641116,0.006928208590202464,0.00768034401148701,0.01647660496865857,0.027307917528031043,0.02088627566661559,0.010573863057561254,0.03549665860657032,0.02767141051457458,0.01855639675001828,0.008239411401322254,0.014629207335827465,0.11668094971482461,0.006520070155283254,0.0028375456252704213,0.0,0.0,0.009368889933960572,0.012291854926542476,0.005103827479835717,0.012339557906982017,0.018760823884532655,0.04507408612725432,0.01988432762959022,0.0016105796528989246,0.04220370062298309,0.008192499640384467,0.024398780842757112,0.004514263796405889,0.01690372029147344,0.026860109557957985,0.02728192463883442,0.0,0.006802622489690417,0.05467538552492439,0.022320099545006217,0.016700922927324526,0.01922777087777087,0.009070532161251569,0.011543367596669019,0.022183194195586044,0.003909185854944336,0.015267468690658188,0.02776091453123503,0.0737444722071416,0.0,0.008950191650182753,0.01266025011042746,0.05459085280046078,0.013690277554448054,0.043985691122138244,0.014501658039066403,0.004370746217740964,0.025772480975559606,0.02573904201498037,0.035418276990208816,0.0,0.014342180254720225,0.0298313351119252,0.025310147162277488,0.012473104596802348,0.023066532115787797,0.0,0.012114067419398338,0.033442297719166715,0.004185326637091964,0.02675480634834672,0.0,0.011888103094690891,0.027680300375684808,0.011643648529607302,0.04816686940378812,0.00901744386737842,0.021380867808737783,0.013061945487769748,0.024976522099813672,0.014969622476851194,0.025839444946598594,0.019847120919288128,0.06494184084896672,0.027147791026891636,0.017681570736538383,0.0,0.012425974417269102,0.026991097666816115,0.02408034641673457,0.014343512919725462,0.009418388495209614,0.013161422661272775,0.028657237263283765,0.019485086648296176,0.009009219822034936,0.008151775720106646,0.03316451303373213,0.0038836439750762506,0.014023644155952655,0.0,0.0133717194731316,0.005725396267103574,0.0388593956557661,0.02705817323198226,0.0,0.01755903275476175,0.019338495171882988,0.01365647315732084,0.02364614532007242,0.006659238323095064,0.0,0.04731220137866092,0.01195857874344842,0.03229471430797137,0.07888200268821792,0.0024945695621592374,0.018416600542680035,0.015249573257610836,0.03160234645172372,0.02470392983815939,0.0,0.0,0.022050302086245043,0.029006518661336307,0.002904856618842994,0.0,0.00688680861588943,0.029355492837062014,0.006522204356697939,0.022352843493149335,0.02947396182031903,0.0,0.10436307957780055,0.04199865179048888,0.026131111189765115,0.008308968778740669,0.006031252720421341,0.0,0.021491494801795137,0.022328896120530312,0.0186986421283576,0.008093466979390496,0.012357513475601071,0.004386983526391852,0.005713174503254096,0.031417512931171385,0.02712784421188976,0.04790286390418079,0.016316555168386246,0.03724814771563949,0.013767473443294867,0.0168816766646961,0.0,0.005581524249895754,0.01907188900812881,0.006241877157610206,0.01117903691560606,0.028808492127584108,0.00426967115641435,0.023572472685839584,0.018865762868939377,0.027721637711103194,0.030393524095870594,0.014671704016242062,0.018450664884494393,0.002946929969774493,0.006244684792200695,0.0385070066586462,0.01266737678556874,0.01916351071980289,0.02044892061455369,0.011783926447997299,0.0,0.024008172918705196,0.03312192042166545,0.009658411133313324,0.017011976098570285,0.012974325827736532,0.0034192762680256717,0.012643625875210165,0.0,0.0,0.0526255445823787,0.0,0.0009796178475042277,0.01172133641081285,0.010809551995805793,0.015930913406856158,0.008504884362439737,0.016985660245192994,0.014508113013724806,0.014770579590109977,0.006083054617657309,0.027508924310248067,0.007641928964321454,0.020180338708130175,0.05384323515412548,0.06227725987802378,0.0,0.0272137341640706,0.012790044607973526,0.008640422816461494,0.012509435053880706,0.013056815568674654,0.0,0.008129993062492522,0.019067638679477486,0.019272989818372603,0.021516689020342383,0.014639491797959217,0.023674182777281897,0.025726060547848643,0.0,0.009145859256743934,0.022649395097614516,0.009742202407495664,0.030173527380845534,0.0,0.009770899405187142,0.016121519448613696,0.024185763998236597,0.03686702225269871,0.014005658052846861,0.009215492433775499,0.015491781824119142,0.19292394222946932,0.02643368180924944,0.049865503622849285,0.009200263555671653,0.014703513063241825,0.0,0.005358011347023538,0.021796334147463552,0.0058116814379455565,0.041140289634834605,0.0,0.012381494533999093,0.029904006014396623,0.00739891462534847,0.005493093658645426,0.02998182412921346,0.016244731935699714,0.029784905042467683,0.013063324991730633,0.006439198111250851,0.020072032056109218,0.003970468532862406,0.0,0.01323671644642783,0.01742814457560763,0.004234228142238227,0.04366166433409633,0.006398047535809352,0.012927774252588493,0.025294937854889968,0.023946420134225287,0.024302171184372678,0.017145286344471516,0.0,0.036956981379704164,0.016275766060959547,0.0,0.011017805489450389,0.01676373078579038,0.014478059207451571,0.0,0.016159502941498257,0.013760865280773159,0.024949848671378942,0.03356631487616159,0.012725831689139053,0.0,0.014065024267120424,0.009718182575356905,0.04604194423018251,0.031033641418063144,0.009010536342984215,0.0,0.026199922893848156,0.015768904190772447,0.019492348508165207,0.022260548409578664,0.07888200015235104,0.0,0.017330389711088363,0.003889116206318522,0.021923666556818707,0.05633488405987296,0.017256976857244553,0.019797785629124272,0.016423890264999515,0.006274528950512127,0.016733523127422108,0.0338061381419494,0.036427785335840006,0.006491839354451392,0.043923016669749446,0.019515883051671748,0.03442181902103237,0.03837752720975774,0.024163037619525343,0.02558884426686673,0.004590356170006863,0.07922181049543424,0.0,0.006328389778563438,0.01845351096850605,0.009474752091702194,0.04914077806396103,0.02112497890607293,0.01773177758522652,0.03366976158298163,0.030210022923605504,0.02483519603123155,0.07537979744518958,0.025663784066069267,0.01954623538973911,0.0,0.0069094492104255474,0.026146362199827758,0.009759707318950287,0.03193500852844765,0.01958547414226871,0.03053497317454105,0.028051210141417298,0.023006300027813207,0.013264829696650516,0.0,0.05107039754992909,0.0,0.0,0.0,0.02183416738000958,0.018712983035886345,0.01795903563222212,0.030482121348205823,0.0,0.0,0.007819280119710883,0.03854811714441715,0.015695770229032107,0.022819582668082147,0.0,0.022648669040104184,0.006858290548316952,0.012620755847182618,0.04228682376238831,0.030466373161494788,0.026407737152781927,0.004829106653240064,0.012569508391359634,0.011552477298122123,0.003137276225236757,0.027976487604111675,0.01650914451928979,0.051444604347618245,0.01434225933241345,0.012309782799156739,0.04049964366724028,0.024411774972227508,0.0,0.033731733651299646,0.014952962946084539,0.03481611863850432,0.017046590256971146,0.014425914340736257,0.0026271038382393156,0.006165326233103672,0.02329712414647148,0.013857691455236265,0.007076542052380013,0.029666331106716265,0.015658390117688895,0.015230733800614378,0.0030216850294520056,0.008827340554572446,0.015083650875828697,0.016272765709256315,0.019221290229202378,0.11362648234871378,0.013809843163668668,0.024904303281420962,0.023643299122351837,0.037217459481769605,0.010953465444336404,0.02204972204374123,0.01923437740281416,0.008810479970858081,0.004051312962557361,0.007070213083452131,0.0,0.0,0.007780962074673522,0.007089073632005831,0.0,0.015454714125398089,0.009506722704629784,0.029170883947741803,0.01789699190612211,0.013890263239393687,0.056698789882970245,0.008687922532862675,0.04241743899988774
Sig_7,0.010150135157641162,0.03376068887819354,0.0,0.0,0.0029606203380713398,0.012895491074802307,0.02686680495116778,0.054329294638801824,0.0016271568550720666,0.06266247291473644,0.0,0.012867589414821252,0.07405077848725888,0.006424156514831523,0.00736400769815619,0.01175259678064646,0.0035553170445077405,0.0,0.006243122442228225,0.002996073278641871,0.016291886259629264,0.011400556013508317,0.03138427331059121,0.0051615644163276264,0.0,0.02673859044757503,0.02774959881011395,0.003603160283328579,0.05186844312736442,0.021069295692597207,0.014011342454196503,0.17767795204514533,0.039490100887199855,0.027906618529218302,0.006940466079687578,0.0107350479437658,0.03457889726634897,0.03078958568837248,0.010449098948502607,0.0,0.006428761757101641,0.06215678197541479,0.0,0.035759986663459135,0.026683135883089123,0.007176105758513077,0.008297272826029371,0.006211640695474458,0.05532490043185795,0.022209162306274687,0.005812241246159428,0.01085984250435856,0.05657728138169917,0.0399133623881429,0.011461377420206836,0.020022419462197658,0.003505360837965131,0.008944621983711562,0.02273637909126188,0.0,0.029779749287708213,0.005913868372268939,0.07927692759546481,0.023382648734149757,0.019221595525555576,0.01584959353719566,0.0,0.0233593490534346,0.0,0.00457347066679659,0.0171366825373766,0.0,0.0,0.011642366406766781,0.030967314814973723,0.016143067948805316,0.0,0.0,0.04045974425386079,0.01854910725074538,0.028577064168817425,0.017882145046952975,0.025675010674831095,0.022422340514723058,0.022410802977971295,0.004061317674983639,0.009910236688702289,0.02062146016446599,0.016982545748998393,0.030095146412387423,0.00430794577703489,0.00915502111895696,0.0031793850790424434,0.013508217516126502,0.009614400393023251,0.02139591945461589,0.01361309561580949,0.016785578919053516,0.02184593488010381,0.012908742791763055,0.010604044929597895,0.013328640166911886,0.0261549400867462,0.03050712681366843,0.012832458337290515,0.013999963434717095,0.04370378085531522,0.007962820068594743,0.011674575767131512,0.02289810646775574,0.006135682024223397,0.005330953965340209,0.0,0.004593326660231214,0.008872237535730979,0.056502146700592275,0.05440921277616136,0.012846554423316805,0.0033851633100460098,0.012499449380895599,0.0,0.030939937367926648,0.037994943510388124,0.0,0.013464640589490099,0.03730153940087345,0.047481555730984795,0.045549876262540874,0.002830567230559776,0.05052117013846317,0.010761686474776065,0.03440548214534217,0.010287235608139444,0.0,0.030531750644651308,0.028743261674703965,0.12171571860044643,0.03387168891429267,0.06102191106288734,0.0,0.03136218619405155,0.005505817391533408,0.0,0.028358698682373014,0.0,0.025404126485072533,0.0,0.004898973621484265,0.0120855569218282,0.012053669620402488,0.039904909567821494,0.040875493790175674,0.048455842436959926,0.019407264034741557,0.022631614745545182,0.02823399350091584,0.0,0.05701878729481912,0.007441188955924711,0.0,0.0026770771013763855,0.02469695621925159,0.0,0.10520516171532476,0.05215931659064175,0.03700194827244789,0.0034250574056846686,0.015566259195871554,0.0,0.04263037090087052,0.03088596633159887,0.02177514528474705,0.0051263442203844985,0.023885959237225238,0.0164591300348178,0.007238027264906562,0.01374614614281192,0.009418136098893531,0.01523894307305945,0.0,0.007086277031685862,0.010292242949973704,0.037477188405196614,0.021970434648558614,0.028484972020311746,0.0031662135561278757,0.015595713937359567,0.048352759443428116,0.020952437462861,0.01264899200396689,0.05180686815572981,0.02542347672397593,0.03620394391697277,0.05188971756158784,0.01928138905706529,0.008156465100935952,0.014268974869170906,0.007652457947722928,0.004460659138695805,0.019042690606406898,0.006981618984251107,0.0,0.053902904315323394,0.017312180959380242,0.0,0.05186833103832029,0.01837280793445503,0.009481458167220397,0.005723853064146406,0.003884300473220131,0.021291415188567007,0.015524444168313216,0.016362085184899167,0.0,0.025146416519729542,0.018621522382461165,0.00764605655835472,0.0022997045164100897,0.014657648797226351,0.01591432482175561,0.008748629153439874,0.007710667314280731,0.030673054978328663,0.0,0.04888463787198164,0.01591624589959962,0.011078957992703328,0.006922313842502305,0.07637168356971,0.06996791161576357,0.09025218769104384,0.006422675437055331,0.012496666236101817,0.021283149016289582,0.026055870735200742,0.0020303231927291322,0.017714802315595513,0.029419174706943274,0.007766661604109051,0.0,0.0033592568612631065,0.008860881010929841,0.01398041103882152,0.012077067254183676,0.017164358858534658,0.022807603862220003,0.015025418459857796,0.010052630582166946,0.019871770140102933,0.01767235247447313,0.039653315951010036,0.07814119931794578,0.0072455951421035725,0.027199545065170295,0.013960982626081303,0.0058069263332585636,0.006744707086720473,0.003277124025449789,0.03079891741984295,0.02033105451291614,0.03271800338253586,0.013912734671104855,0.0,0.07409777660100042,0.01756803390203588,0.027089576228537065,0.07402152833572072,0.0,0.005103811650003561,0.013516946347204715,0.01084829493110666,0.0,0.00429958218489441,0.02443921461603599,0.037730097536244865,0.0,0.04210064007851125,0.008586422839101203,0.0,0.006053449640765441,0.02420944139670937,0.028317322629660736,0.03679063744519295,0.008791016303570875,0.025805785791051816,0.020304005700759995,0.040030459636945744,0.003200557488895269,0.01141998327524899,0.027123171148311195,0.049781410808706905,0.04238917661105618,0.028429706351264412,0.0,0.0,0.026400636626184214,0.052735101317726935,0.024024549395613857,0.006234736281361943,0.013434611558468338,0.0134902380243191,0.0018590080984017925,0.01714128909604508,0.004031152975691271,0.028110374689683897,0.0,0.016889414662113755,0.01485319208379519,0.02149842038309289,0.010248317415137622,0.021103212587612535,0.003077560384930363,0.007085910778995067,0.03113580936313318,0.009703988833430143,0.07991517820285028,0.0,0.018129559819835436,0.0253374202226268,0.0047469103482193345,0.005056848766464472,0.0,0.010183050237045767,0.053665054081520794,0.013906382642732532,0.032155093581745106,0.05984524062191775,0.03045858667430378,0.024563403409921733,0.031320608725916015,0.018752145729955243,0.006200702259433527,0.047181379292333535,0.010536661563702346,0.007870403961373826,0.036327014460457684,0.026107857079007084,0.01711452498077532,0.0,0.036669304389732024,0.0,0.014982606806672853,0.0051521245009220045,0.012231889749363413,0.021516711370121528,0.01909486985432161,0.014969881506218734,0.015632924913561996,0.005133354959488908,0.0,0.021225497414917846,0.03263155750458654,0.13654637198774036,0.009466233379529052,0.02749791065895598,0.016805029524170435,0.0,0.020558018237825555,0.014940125794909588,0.04575165573938889,0.02668945426524279,0.01638560865931332,0.03752780080349047,0.0067000106619880895,0.01620600406744789,0.012498938961959844,0.005072269994628863,0.008280353229876707,0.0562868730233557,0.017167949939962464,0.007175986183472077,0.07416246122735637,0.019822436622389535,0.04491894777548921,0.03167634972641346,0.009865593526218939,0.0,0.02669526022885113,0.03048052604028141,0.01741994395887516,0.02022541034238379,0.023007556468527177,0.0,0.0,0.0,0.0,0.015192781432405959,0.03619881559045682,0.02517369245916874,0.10780348599674074,0.003950765171961968,0.012626709135667356,0.017894784837604864,0.009740595556501357,0.022044101370220594,0.045456417146370456,0.03827167170550549,0.0203636730904199,0.012146934391312637,0.06606963646551012,0.006672895575183875,0.0254671965677539,0.015520975732105332,0.0,0.02849951066412717,0.02889441276343035,0.022311109054720297,0.04788922143960852,0.0260360807796801,0.005760054553884744,0.06163068286375193,0.02615889118041582,0.02245284223627743,0.04578685188169021,0.017387980627937758,0.0,0.02720398607136276,0.014384028057982685,0.033979291626196284,0.003891916050287243,0.033689317839458624,0.018722982955726927,0.0598759533865044,0.029677468251737508,0.021238706322308138,0.001354438853117735,0.0181648605424901,0.0524658196475179,0.0,0.012795075823017085,0.004929124511458929,0.014812075674045326,0.012658873621897064,0.0,0.0010222423934979478,0.03307507417398938,0.0123188862267444,0.02776241119641397,0.030930394820413067,0.0255534007609587,0.009689649317412875,0.02631188217264157,0.011388777651369024,0.01546602555245906,0.03402302469000431,0.01794004506289225,0.022509580714079803,0.0,0.018307623254419193,0.03160297289987972,0.008526912834782036,0.012803186209565203,0.025950551807836314,0.021770021556612132,0.013957728831249813,0.016766701372693562,0.008718412287671964,0.0,0.025013583694262074,0.01711515128319611,0.014091487965411069,0.028897990598159385,0.015846632793297007,0.00927555802907686,0.020173313359738133,0.009708346385079312,0.038828405930045856,0.0022017622491186514,0.0,0.0151247590573699,0.033020533602765655,0.0,0.006154563121326251,0.0,0.012565375474040042,0.0,0.017515168385267295,0.007387116312883829,0.012159221368956575,0.03370437921892406,0.013790231985967188,0.03642144080779467,0.0044468821176356635,0.012100477705832254,0.005567026004249224,0.009209882254341387,0.008262118142743163,0.027286955166731634,0.012195307443022742,0.009604193735772181,0.01877454742493935,0.012823300727192483,0.01580542075259166,0.0
Sig_8,0.0,0.06175284859277274,0.009086144420160955,0.035577092719254924,0.011012916506438174,0.025129299989801318,0.04193988457136572,0.011672470144930353,0.0,0.0,0.03711265813921722,0.0,0.0,3.7913466405499325e-12,0.019667138156002947,0.03295934410123436,0.023604007835662917,0.0,0.015570024244380684,0.06376931291394525,0.0010560034792358084,0.019591232040305738,0.07929259449252099,0.010045007198703488,0.0,0.033442360824105365,0.0,0.025436680006703204,0.0,0.0,0.0,0.0,0.0,0.0,0.04036210983567898,0.029434178582993145,0.04175379642114964,0.0,0.013917379442991451,0.049520581731677636,0.0,0.023315040169508455,0.0,0.0,0.0,0.0032002271769823666,0.05010161351577136,0.04197522173847218,0.18399662403297837,0.0005082568609884378,1.17184656050873e-11,0.0,1.819783383878591e-08,5.376888243653461e-13,5.6664645898198e-14,0.02754476804404577,0.008103539911819588,0.0,0.04067746939455603,0.0,0.04086570086391872,0.015452873383081921,0.0041492451562211985,0.01876011656572247,0.0,0.05552644108486613,0.016901858143104395,2.9408109999024315e-14,8.165845873800617e-08,0.04814554146498859,0.026032661509535288,0.0,0.0,0.02780297851802952,0.0,0.0473972205629924,0.02695655880168507,0.04065535621458623,0.0425241251588546,0.056276192945883374,0.0362269119244767,0.0,0.06022335036515218,0.015065421697807509,0.07106944022911757,0.024547218894344063,0.03044912046483587,0.0,0.0,0.01610884991687209,1.949198833581653e-13,0.0,0.01589388271590614,0.013228243669291458,0.1250459211363856,0.04848480662195661,0.06847100213670794,0.0,0.007719290933257284,0.06464693925812133,0.03485255898745337,0.08684556752787258,0.0,0.004560192049389283,0.03603538446502545,0.05306598318906253,0.0669035076692046,1.0957707546306882e-11,0.0024955866953018167,0.0,0.029912204830352278,0.049377337232197324,0.045468119416459354,0.03795628754912337,0.0,1.7691680232415967e-10,0.0,0.0,0.03680946432624677,0.013731009939853656,0.09249405662535624,4.4872266692109324e-09,3.9385474169609736e-13,0.0,0.0028143010363735083,0.020333663777356025,0.0,0.0,0.02022175410896575,0.029892546120085267,0.0,0.0,0.055435997271585186,0.0008421791953702881,0.03213730117975834,0.03367788025745159,0.00830122294415698,0.0,0.0,0.11947551848379477,0.03609965295836533,0.08821331336330356,0.07915531309305182,0.0,0.0,0.06391432971938495,0.02725527955015973,0.0,0.01679018195422749,0.001696400140441372,0.0,0.0,0.05496314298430845,0.058573731584024215,2.0220542751081805e-08,0.016185821639040084,0.0,0.08931480477042894,0.04007794441071871,0.0028245501107261248,1.4668139114849447e-10,0.0,0.0,0.03811080903931006,0.0,0.01820878999668489,0.00015564052016763,0.0858545675703531,0.01878805845041694,0.0,0.0,0.0054398355534247345,0.0,0.11201228591593043,0.002522638715513031,0.07589893389160467,0.0,0.039518919069987155,0.0,0.0,0.0218426672869614,0.015464063052703788,0.03146345792680143,0.0,0.0,0.007402341002049908,5.198789600706529e-06,0.0,0.0,0.0002561967591306512,0.0,0.0,0.04477572830947619,0.0,0.019201839967914795,0.04223371133421474,0.0,0.004477062160537311,1.9421784012251533e-06,0.11211444134180491,0.08152823609970343,0.0,0.0,0.0,0.07251163843336379,0.0,0.0,0.009763968485019604,0.0,0.0,0.003298796679762628,0.02468209976851381,0.0,0.03148604290025153,0.02008181174910568,0.033881323779579996,0.013094640775463707,0.023732809457293523,0.007000202525896043,0.0,0.0,0.020423862936311852,0.0,0.0,1.1588099035345181e-05,0.0,0.05611439444021397,0.06432482337055277,0.0,0.0,0.0,0.011571297431602868,0.003531891291233977,0.017586088521376598,0.007199944666626109,0.05673967199309425,1.080897008702163e-07,3.263568858665091e-10,0.0598353183381129,0.0,0.017437641680023673,0.05164515589971875,0.0,0.0,0.015303141036999089,0.0494735598321933,0.0,0.0,0.0014970011109873627,1.4027686156288028e-11,0.0,0.026022734276398604,0.014751651871531834,0.0330231801492622,0.04342593951322417,0.0,0.03866502483183129,0.0,0.04418365014774746,0.04681382520077168,0.012127926867273361,0.0,0.004421530630017616,0.0,0.0038263685620921147,0.04063731565604861,0.03510462256244567,0.029412296303459234,0.07389253129082027,0.023947473282652332,0.0,0.0,0.045937321342373966,0.02677705455134105,0.0019588424761546363,0.03288839594580495,0.06155079300712013,0.04159157318863859,0.0,0.02127161166187939,0.04927483623441162,0.01070226882986036,0.049321410911380745,0.060192772963436676,0.08816004658374699,0.048141612676594864,0.0,0.0,0.10925746484047212,0.0,1.0326691062535031e-14,0.0005325623081920158,2.3155750294519068e-09,0.0,0.0,0.06595322895428672,0.0,0.07523991390923807,0.05781075069141351,0.02606054371917958,0.02629368264057164,0.0,0.0,0.0,0.0,0.010988320040889286,0.010258826540009007,7.842423322775737e-05,0.07049393783498205,0.09909977430758579,0.025433715231216198,2.4455978078432895e-08,0.0,0.0,0.022369097043690406,0.04500406142664271,0.0,0.005776677525404344,0.054374655082032174,0.029940794226539412,0.02514104829007819,0.2846556912742672,0.03541557896888305,0.0,0.016654036737400586,0.012957503070717464,0.0,0.0,6.270873051713655e-07,0.03723483977210877,0.0,3.993189455628115e-13,0.02107865699434409,0.0880398888289483,0.06299385306074023,0.0957128925875655,1.0246266295139604e-15,1.2643817698287995e-12,0.0,0.016336409400488836,0.00014628844759355654,0.0053633859510804,0.0,7.809105110186705e-09,0.0,0.023135411583188003,0.0,0.03735085904154284,0.006030436271538542,0.0,0.053151703874136556,0.0,0.0,0.0,0.0916291348036446,0.036555477786698015,0.04503183154639986,0.017078753511832835,0.0,7.31642128624627e-05,6.782510056833737e-06,0.0038028205496831472,7.465160141643061e-05,0.05290895125800297,1.3373249152341642e-09,0.0,0.012747345065586599,0.011081546825594582,0.0600246002066537,0.05594209433265545,0.0,0.0,0.06652976493021419,0.0,0.0,0.02433019654360908,3.907241712405263e-14,0.021895004271972704,0.02606582019628555,0.04528703796682293,0.06161815151094779,0.06710830559471459,0.0,0.06777866466765237,0.10529191911065766,0.021628735346655558,0.023254159987427855,0.026807411809049785,0.0,0.0,0.022641487288853356,0.0,0.06609180288839701,0.002365996449220804,0.10232495649809463,0.04589837675030087,0.019923761174628612,0.07477435787860677,0.02485827344847862,0.054272423021642306,0.007568558169903326,1.6143289603184996e-06,0.0,0.05596965604754843,0.00042615381522959257,0.0,0.022031190750890706,0.0,0.0,0.020409335962012335,0.041880478200745884,0.021809656644332914,0.0,0.007518300973562307,0.0,0.04173198875727066,0.0,0.06654129736530465,0.025025665989025118,0.0,0.0,0.0,0.1556793429402933,0.08092443492433196,0.006565650159999385,0.0,0.0,0.0,0.0,0.041914446525341015,0.0,0.03131714861831723,2.976415024532125e-10,0.0,0.0,0.0,0.028727173678248133,0.07468956028599016,0.0,0.0002989304043216976,0.0,0.03644085063553012,0.023804428706468265,0.0720663885765404,3.527792084442427e-08,1.4337401147141804e-14,0.14562061090953193,0.0,0.02162726396897171,0.0,0.00811520768857331,0.0051231491041616685,0.0,0.04592513749745022,2.1194386914757064e-09,0.021945734093002378,0.029662692389994597,0.03194316637137858,0.0054922434007768075,0.05877908225847175,0.0,0.0,0.0,0.03416160254576385,0.009157231948393395,0.0,0.16070853726468803,0.0,0.02534424888691542,0.0,0.0,0.011470085699936147,0.0,6.732530248580397e-11,0.08560474593866424,0.01875232539203919,0.06997683643624643,1.0683306393059724e-10,0.04392301885445371,5.88129972530566e-13,0.027804875416743976,0.0,0.045615245161072404,0.0,1.936741449229403e-12,0.03374338042227058,0.03158051655233966,0.0,5.018625368876289e-09,0.02494959366483537,0.0,0.027961792756212005,0.06080132765560497,0.07908056214178535
Sig_9,0.0,0.0067504840814991765,0.0,0.0,0.008838706825594535,0.014559161192966345,0.007518901857823994,0.01399115220888294,0.0014246242814957462,0.06495603993714275,0.0689780377822441,0.0498769126178657,0.0,0.003793106599944922,0.038214446177712316,0.0,0.01338956121972371,0.0199114112890315,0.010868658750089709,0.008342235436356553,0.05016209146597609,0.017193062620864178,0.011120433683384156,0.008418614637572033,0.011150331052052105,0.022155032663344086,0.025674763697109297,0.014383814616934085,0.0,0.0,0.01397996114031784,0.0,0.02100033363926354,0.014542416204031955,0.00805668322074922,0.030714929186875472,0.0,0.02109096893614636,0.0,0.012657341405507987,0.0038584173372935727,0.0,0.013565253398842634,0.02214591595161134,0.024292382775751624,0.033013180397108675,0.0,0.03142730079939126,0.0,0.0,0.0065538813655853685,0.05955745474392639,0.0,0.03642066999330988,0.018771139429463488,0.0,0.00909150364003848,0.02156628257018001,0.00018511390097945962,0.0,0.007009812483529164,0.034200437461702156,0.016791988726286438,0.08684966753964762,0.0,0.009006080158361187,0.01920906515352025,0.007920305542617153,0.0,0.0,0.03537349899674562,0.07629358166321706,0.013482791565583657,0.029708485827505012,0.005292017723013072,0.004413703210629492,0.006518462677023834,0.0,0.015621455407660552,0.0345818694125922,0.014633379429260546,0.0,0.0277108819581008,0.0037098236575152286,0.0,0.00644681075536291,0.014080593746490979,0.0,0.014504083189170819,0.0,0.046953509404111984,0.013088310896836333,0.013635343327338657,0.019023704592771674,1.8557382891743648e-10,0.03354042414677986,0.022224093198327254,0.01206166829538427,0.029976882524285396,0.0050412728304602035,0.02306263503598128,0.0,0.010869503129070042,0.009681381671106859,0.014494147624351639,0.007955925384168833,0.0,0.007269918910301773,0.017751773206045058,0.0,0.0,0.011332603822127797,0.0,0.006992917113798697,0.0,0.0,0.0,0.015171935952034792,0.014341588555104881,0.0,0.0,0.0,0.05176082855762339,0.07040497832458609,0.0,0.01011300604372643,0.0,0.034592026091895885,0.0,0.013864303283798186,0.008007366233578051,0.00811657444886516,0.0,0.024816334071909422,0.03328156485326813,0.0,0.0,0.02224085451846396,0.0,0.0,0.0,0.026397177935950207,0.0,0.017099491878879727,0.0,0.0231703562020903,0.0,0.014455815356492287,0.037587487998825476,0.025792830149371792,0.0,0.0,0.0,0.0,0.06787907683066764,0.02476831104151555,0.3882135159803124,0.013319696405525919,0.0,1.767029761843012e-11,0.01117185305362324,0.0,0.0,0.04670062928967687,0.021038861450860626,0.01975514451405019,0.0026880507539126857,0.018005888706438024,0.04480200073919076,0.0,0.02094595966111001,3.817252241472784e-14,0.0,0.04275322471657861,0.0,0.004997051854230943,0.09755102274009561,0.05571202634997151,0.02650134168706926,0.052601916307188454,0.017747671931339252,0.0,0.026941433108849604,0.026068305836160932,0.0,0.022619006178870457,0.02742503627562156,0.0,1.462953902024031e-10,0.018906743062498354,0.0,0.017429646364177667,0.02697965214809796,0.02543583248407811,0.022124305696356414,0.010036965672370255,0.0,0.007717325661905301,0.014352323613725758,0.05188563390314388,0.009349179146707435,0.0,0.0,0.007848205457865453,0.013519192934040917,0.0,0.009532789066196437,0.015521495848113357,0.0,0.024617493460523835,0.011310211490847509,0.005755682239621077,0.025812732253674305,0.021046783729030523,0.06320439013080117,0.04101626970115141,0.0,0.001965070689723183,0.0,0.0,0.06113662107401465,0.040037952998458914,0.010126473693307788,0.0,0.014885858288540546,0.05465867195989638,0.0,0.011626763309849245,0.0,0.00504833943410874,0.0,0.009490356443303686,0.0025502086150146967,0.029591834801375585,0.026618399101879305,0.02322765918402288,0.014980449814648952,9.475940392300352e-11,0.015667231406924963,0.04339947607552964,0.027769923728519663,0.027790038213918237,0.007311047282980898,0.0,0.005619055618924005,0.016299879948175035,0.0,0.021658286100427884,0.01582530083006756,0.009053175117588299,0.01957766361573826,0.06209861350215622,0.0,0.021774538229115136,0.014185773697685826,0.0013918906072425857,0.0341895062215787,0.0044019329844914926,0.0,0.006756097368114675,0.012608801598027818,0.028117173259385,0.0032505434803793247,0.0,0.02511972476191264,0.015571202131501247,0.0,0.0,0.015856826147792172,0.04296408784303976,0.0,0.0,0.0,0.027109015918449032,0.05683004373683273,0.017518971872890057,3.83440524135008e-10,0.028263174189583348,0.0008765021446092423,0.00696575566170671,0.029856745972348074,0.020829245956976904,0.0,0.008505614051083337,4.1874068059120565e-13,0.0,0.02069608187269906,0.0036806797088207903,0.018171458268625467,0.0,0.0,0.03682869488489853,0.0,0.0,0.009029568209813042,0.030442218157032443,0.0,0.016053604326054013,0.037159658278987734,0.039591344799229815,0.006421558434724499,0.007840800277325904,0.0,0.07457217158643428,0.012015630056766282,0.0,0.0,0.0,0.015222859322467211,0.0,0.02999119047170523,0.013516487983390097,0.0,0.0,0.01640069194916073,0.0320335178849007,0.0,0.01788588873520124,7.840078354475025e-16,0.016372405337293113,0.05769557458593093,0.05541536157836666,0.011405563875361183,0.0,0.010705754082508947,0.04121614396859077,0.07561491450546422,0.0,0.06304469188712686,0.03608098788688295,0.010258102885613053,0.012210802390961544,0.006770370982573858,0.0,0.0,0.0769809094580784,0.025880406397164407,0.06871343381458088,0.0,0.02587943610127118,0.005061257793979072,0.023082722019831765,0.01294088511383196,0.012937090921555835,0.014339885429352628,0.026169151735970512,0.0039453823100874036,0.016099057290474863,0.009739631285762829,0.0,0.07169123877689976,0.039497634945554076,0.0,0.021119917090905965,0.03498699273885425,0.008560016358885024,0.0,0.01070237011038686,0.0,6.9903861279533775e-09,0.0061570026669889215,0.019138655545313497,0.032351522851057184,0.0,0.016071323009787725,0.02508668989466637,0.01694993307690908,0.008991278707514157,0.01694362882018904,0.015384288449797329,0.0,0.015056598135738855,0.0,0.0,0.34922981423748345,0.0,0.006561953544752397,0.0,0.0,0.06560851537223948,0.007095360060143281,0.019235358531949177,0.0,0.0,0.010498192631264324,0.0,0.03267005192352392,0.03927732037913301,0.0,0.0,0.010189996963529426,8.044573004709126e-15,0.03576068877382216,0.0,0.0,0.0,0.024011890005772925,0.0,0.0,0.0,0.0,0.017245352499281642,0.01714802447998277,0.0,0.020246676557564177,0.0,0.0,0.0,0.07037718007014128,0.0041881338129413906,0.040402951081314045,0.017519826595380147,0.004968119390288346,0.0,0.15373721254774808,0.0060207780720927685,0.010811498479667187,0.005664484088830851,0.06253913528443775,0.02555466171616161,0.0,0.06523011855293927,0.04824243231148141,0.006282222439753408,0.017491385983574654,0.0040330037334476735,0.0,0.014521969434647296,0.0,0.0,0.0027299945645268453,0.02875129456231821,0.03149537508253008,0.0,0.0041667514054802126,0.06611280824717382,0.02921603273130674,0.0,0.0,0.009543256927252103,0.007676982597968912,0.019512512352918565,0.006766219583407948,0.020800493703182852,0.027472606341191117,0.01803036269327865,0.0,0.07860891929241282,0.005639554038220188,0.00022456073374054072,0.017216939737104704,0.009284228831755049,0.0,0.05330552638038815,0.0,0.03849846907985823,0.0,0.06437999277394833,0.0,0.022380461201510944,0.020288441618982044,0.02002718733056221,0.014537848038214856,0.014180916736270994,0.011688531455200324,0.0,0.0,0.002003418530074221,0.0059442493969393585,0.0,0.023082740984089405,0.0,0.0,0.0,0.02082840783817808,0.049244503051876366,0.008673557080483809,0.030433680615307327,0.01609516505007813,0.012976997782968016,0.022901444301317485,0.0,0.0,0.011352434709818893,0.007094699017575094,0.0,0.0,0.015693332441936447,0.0488000797539671,0.0,0.02514539352787909,0.02588833907808733,0.02985841122189222,0.04677691292530914
Sig_10,0.0,0.007180382517973986,0.0,0.003787350036224013,0.003379353925663826,0.0022970528177189125,0.028954975059027666,0.03659940748150943,0.006610388158665604,0.013343877189441144,0.0,0.0466984921632413,0.0,0.0,0.013232569299373949,0.00374493152982153,0.004277638641741189,0.0,0.006958434517958209,0.012355790894059528,0.040910936639734254,0.01983190057509512,0.004443784349691764,0.0,0.0,0.008904281798352379,0.0,0.009195504995158546,0.2716086501708861,0.035170217964311114,0.03172420543064388,0.0,0.009506079513458901,0.01347038730835957,0.0,0.017023324882772223,0.06035747780042614,0.005215897743526117,0.0,0.013600588897525565,0.0025301082195411245,0.010381035241979303,0.007182167964060487,0.0,0.0,0.0,0.00774296982835842,0.010306215986290033,0.0239316542968291,0.011385715932288555,0.022042754226819002,0.0,0.027019351608043172,0.018491110127343866,0.009434150580010854,0.021593896812455073,0.004803930739847826,0.014831745384156115,0.015415377601003515,0.0,0.012586611016347796,0.011003726083018053,0.0,0.01627852788763956,0.0,0.018474975555611124,0.0,0.010127324348120753,0.03212669293064673,0.03053453467897674,0.00899300747114203,0.0,0.004132667248910025,0.006163567079894105,0.0,0.0,0.020775925789661802,0.0,0.0,0.01703008620264694,0.02767223295212143,0.010427815878710518,0.01475073691234249,0.012225792962467667,0.014987011792007381,0.0028406886053514136,0.0,0.0,0.015626272219814705,0.013851302087808538,0.011872501036797121,0.0009699182311762851,0.006794547054156056,0.0,0.002902430042971488,0.027297218291027357,0.013211025958787972,0.022022343995051978,0.014774855316399101,0.027361482938099032,0.001924771964248321,0.0,0.024234407965377694,0.05080060614022512,0.005481887947723211,0.0,0.045249826241437294,0.0,0.0,0.018669723627102532,0.007007908202621475,0.004547000564950067,0.024125043782778546,0.010354989490996329,0.007981344665330976,0.00833693221632129,0.0,0.0,0.0,0.031715561357721765,0.06217208419768894,0.0,0.0175972507994363,0.0,0.00784355445280433,0.021982390718656323,0.04380558855023978,0.007549634575509095,0.003798768738628126,0.008970015721677512,0.009885084373191612,0.015246013801902792,0.0032104430863325877,0.0,0.006985707379439768,0.001995558796157909,0.029205231199060162,0.0,0.051264329985169,0.02151947239450893,0.023305206283839395,0.006668772258505675,0.06789733136317028,0.0,0.0,0.023289337617425278,0.03192889782859959,0.0048898192774993665,0.0009105184073912127,0.02383275132300464,0.06223163743222213,0.05945917036311628,0.0,0.0058408988829538955,0.006998131971583133,0.01624972403926861,0.0,0.022307420183899574,0.0,0.02508646844035166,0.012395163099946139,0.048475978525139546,0.04210463294698699,0.04877728932468181,0.0,0.01294237614297948,0.0,0.005421408804535948,0.008698004172334238,0.02913051942541516,0.015255490838671249,0.017675852208402378,0.0,0.013143447868689278,0.008086312782923287,0.012046286784822726,0.028828666964506252,0.013234118829137135,0.0,0.008849412359895328,0.013948504960133149,0.00808473484340861,0.015119955045538695,0.00044914119152766137,0.016653335365960784,0.011508832398405291,0.007696349774702908,0.021968713913047482,0.0032430655796918525,0.007957548458140588,0.06788399844496898,0.021400133092018124,0.034436866810806946,0.008699964331027302,0.0,0.01187397939337361,0.0,0.0,0.008216600735507396,0.027852027573694173,0.009311932314891485,0.0,0.0,0.013339328356682046,0.011562579737595356,0.0,0.014033389712657239,0.0,0.05559624024687176,0.01367093234180284,0.0,0.005999310126262582,0.025236272514329333,0.03977192956516202,0.0,0.0,0.033028956516069775,0.016633460868803514,0.010155822846843991,0.07765856031015542,0.0,0.004724491149714615,0.030697774830248593,0.05029789810232269,0.004439066639864152,0.019582505594302885,0.02204526747292905,0.02430372625526912,0.0,0.0142484403035471,0.0138241021484611,0.02847200508108517,0.018606551330938935,0.008099062715219521,0.01988782614112914,0.004663551782871332,0.01390985337950994,0.010937810918516528,0.017891840613154318,0.0,0.013896674824154609,0.015187453133949088,0.012926244719197828,0.009236699882308212,0.028715697601038585,0.007124648990292939,0.030643166065954183,0.008256163249712966,0.011285540075716879,0.01366198058311376,0.012639295961654447,0.009975985428099542,0.0,0.036558304411900513,0.010536775797651438,0.0033670232696727557,0.005082202533121992,0.0164131998758215,0.01826658856275599,0.011064025896659885,0.006245036661339945,0.0,0.01036143945712215,0.0,0.008580009073478886,0.019123220769642693,0.028086924704291697,0.0,0.0,0.053324153573757645,0.0,0.024856474558711053,0.0,0.047203445210293245,0.019248448217988965,0.00594388793962256,0.045365794031890005,0.014639497614711667,0.0,0.02277630247909878,0.015442587503049082,0.01980870915748972,0.013516277452640349,0.008185005708251336,0.0181003356597649,0.025602219056928735,0.019624035248986878,0.007590603028443507,0.006528341733802608,0.0,0.015745272317529,0.01736709575982415,0.008716850626489882,0.0,0.08480343981506923,0.01364519379519863,0.022384670021687075,0.03373056083926993,0.04972267088988015,0.016719753113451658,0.02114144095909519,0.0022273610642822702,0.04646891907375204,0.0195407626972346,0.030024147074239598,0.029227936600424432,0.01526852728489995,0.0,0.019849439698016304,0.0348414905225294,0.011457427237897066,0.00205613274276563,0.0034142832749444177,0.03523363965411201,0.008442440034077396,0.009647430351382004,0.0,0.005811272858620495,0.043017947877281436,0.007927831388904601,0.0,0.061173546297277254,0.013323034158592007,0.0,0.00384253858912954,0.021725183499519452,0.044113622898232396,0.021659163732674354,0.048387374869002214,0.041556664822074346,0.006197105958968387,0.0039874295362490285,0.01270046182834626,0.019426136003743894,0.01959801237240172,0.009241329343726656,0.03912673104555154,0.0,0.0,0.034223722344293106,0.0,0.025355970185758386,0.0,0.00687349298432206,0.0048229276842808415,0.023239611118175355,0.01654197122669775,0.019310422720386546,0.0,0.0,0.019475098544914363,0.0236109452277967,0.02265368198273434,0.009509166016335316,0.0,0.010804345495725936,0.0,0.030231523471467674,0.008782789502739525,0.0,0.0,0.0035620783363425447,0.019002800658885464,0.0,0.011389707977479858,0.007593905414752071,0.0,0.010161839741013404,0.014217823152674999,0.0,0.0111455176013548,1.853433465715215e-12,0.04892550090329063,0.0,0.0,0.0030020875407164855,0.0,0.013976983215341576,0.021015215625979154,0.012266854315287637,0.006576070790903645,0.014914833464102837,0.0,0.008693767267623711,0.031806475139274606,0.0,0.012276741788807857,0.015784807378649124,0.013061028300464378,0.024438017690924706,0.012914751891614198,0.027102364884398617,0.017984693039586584,0.00415566881003769,3.9087743882453595e-05,0.055293616402749685,0.004747772737377789,0.011337827763691907,0.0,0.029654301111109078,0.013154758942190155,0.012885016147090325,0.0,0.038573077101146276,0.06139138520068356,0.030231684824335688,0.024803715693136635,0.055103437428899275,0.013430629416060151,0.013752373852469671,0.03667160513508791,0.0032205843801514783,0.0,0.017158738433241717,0.013475295031265246,0.03285819467836177,0.05726347994436699,0.017742998279398445,0.01053652681362015,0.018313341738968574,0.0,0.0,0.04970416951571465,0.019455935206523833,0.01820679200841651,0.0,0.0,0.011041003505789541,0.0,0.0,0.008621718674001183,0.0,0.02956962791096868,0.014928414643175205,0.006844121404220119,0.0,0.00868777393876219,0.02543959465015658,0.039833384374436655,0.00726136778704466,0.007061646405751274,0.002629371617267236,0.009581765459035538,0.011771089197834057,0.009418991007341344,0.014898161668543514,0.0,0.0,0.028286349211323347,0.02583163976157562,0.00920080290608671,0.0055992870648029856,0.025506481476659643,0.05060221863670449,0.008650937700747952,0.021194051525201187,0.0036079247449377428,0.02188940811875593,0.01001007428826868,0.011561588228998335,0.0,0.0,0.023553776794374537,0.017443335898679076,0.0048991746177272245,0.019096467514675104,0.007317238762933544,0.0,0.008254971279732697,0.016110841621151405,0.027951789433484187,7.126233253363124e-12,0.008136714321018979,0.0,0.009774509612563601,0.011809928456756639,0.013827622368645062,0.021276963385411574,0.02887172196701235,0.011103957128672747,0.01564794308788504,0.030288438710880442,0.013947384859653139,0.01739821420216678,0.0,0.0,0.021735023229313595,0.016609897645019227,0.01921517663033368,0.019443976000642117,0.005389584285883133,0.026543925685594136,0.0011209220826948216,0.0
Sig_11,0.006106279188732948,0.07883187380624879,0.04243164362980697,0.0007903894751532917,0.0185270237065858,3.101590436795318e-07,0.004476430458413579,0.03224623700169987,0.018265188446968946,0.019404008832854296,0.007794507571499028,0.013511223575535017,0.07373135422771808,0.032035707585752256,0.10059643439945162,0.0,0.004132031492698295,0.09015361499342937,1.6906639443525415e-13,0.0,0.03567509254847014,0.0,0.03679211309156452,0.015311736523926646,0.02724512517170944,8.70163261784981e-15,7.467634547761301e-10,0.009650207829567055,0.0,0.02259848971536899,0.0,0.0,0.049793670185357145,0.021552116883799106,0.0008040048502204559,0.025018305827700746,0.000282213536877122,0.013939647125524778,0.052297582367505126,0.1218020143553432,0.0,0.0,0.018829573881924855,0.01275898631231411,0.0,0.024497872796916797,0.0,0.025984211292173053,0.0,1.7458062969436365e-05,0.02162303717582428,0.07400753724427242,1.6148745470691322e-09,0.03608584927487193,0.0072204712123510135,0.0,0.01864282335148341,4.203031877086868e-06,0.03452935077520583,0.0,0.01992522554640689,0.030127701498296428,0.0,2.429231396379922e-07,0.02919436245815375,0.013599105240263545,0.0350274593732469,0.07141372669676807,0.012232883635867484,0.006412310896813964,4.680851514816903e-06,0.05583355440261982,0.00945976266380356,0.018983102519264848,0.012026201189429164,4.0923877204514857e-07,4.559812612470064e-14,0.06443718441913339,0.0333290728251389,3.3422965790403845e-07,0.013717832392906582,0.0019586219808653076,0.048703769356625126,0.047789562062353456,6.442129162192661e-05,9.923486648194702e-05,0.0,0.019529144906206126,0.0,0.019510971491765346,0.03190515235519332,0.020702971525183585,0.005592433491282931,0.024055614812443,0.042037642229537306,0.011635036833614356,0.0,0.0,0.027267862340590653,0.0,0.014794614884257457,0.053950775629959445,0.0004589345898295439,0.02745557455221763,0.011859016464910022,0.027916603229175836,0.056904901881893205,0.00011011637589037441,0.021691917031010227,0.0,0.014835606396015317,0.009841393152448934,0.0,0.0,0.018590509060642968,0.0,0.0,0.049055028965136034,0.014012573039003882,0.04539915340949182,0.08275685803785558,0.035794033524776676,0.036646561715321366,0.02318682271544354,0.010167054627203619,0.02099815111854566,0.0,0.04783898248918865,2.751754585714392e-06,0.0058814028438384,0.0517926181259897,0.014448434477234616,0.009895472428929358,0.019496811809062948,3.056322074707079e-14,1.4033959465031383e-13,0.08627467018655102,0.0,0.07793986092276176,0.0,0.0,0.0,0.034618978295783726,0.060146637846970476,0.0,0.04437403473822613,0.0,0.013705465885311525,0.0,0.054851746280533534,0.0,0.05240152257975035,9.730122429555224e-12,0.0,0.02663216805477719,0.01712062477629527,0.0,0.0,0.04056785622399229,0.0387596529585386,0.0,0.05452653798038669,0.0,0.017663081816251164,0.08308083627969706,0.017397022397729094,0.0034371046721016364,0.0,0.015093136748788432,0.0,0.04285846910008615,0.0,0.025121133355244463,0.0,0.0,0.03428329684681947,0.051889836989163975,0.011876326092181097,0.0,0.0,0.0029679993034989935,7.938105358529906e-05,0.028226213570448116,5.568734146819865e-14,0.04665667244278347,0.017069429154361108,0.011233063306900496,0.012900440258819076,0.0,0.016865945738510562,0.04199689818811374,0.07580426215997348,0.04310899218788349,0.0,0.0712206141064173,0.012619827827623158,0.0,0.010965845336735464,0.004067572317097438,0.0,0.0,0.0,0.0,0.05329537897383796,0.026360655138153798,0.14223066154434516,0.011397901943086925,0.014502762642434308,0.03199718797633361,0.012825726096342567,0.012029441506135894,7.417442345294236e-08,0.040643917211619925,0.037240422642876594,0.0,0.023728004791664287,0.01679650952107974,0.00761247043462057,0.016407944555359873,0.060531726146096296,0.056920970034730275,0.0,0.0267690719944437,0.09116936233740784,0.0210710359781301,0.02374560289428977,5.1882925897358853e-05,0.03676008606497349,0.0784382958477133,0.0,0.0,0.040463248435052515,0.030810395953419167,0.028547337929738167,0.006759953000518919,0.017502371091753247,0.007871913586669884,0.023696078344914297,0.010277850837070081,0.0,0.02699240724186242,0.026532984567814145,0.00906760538228081,1.614098861204121e-06,0.004452668125617031,0.0187710765592288,0.048609937027163444,0.002186345357448039,7.467237015962128e-12,0.03631545617916337,0.03359845809173445,0.0,0.02740385330677216,0.0,0.005863218112491345,0.014536044560555485,0.030124565467515404,0.0,0.037487540032068827,0.000501305019006854,0.0,0.06118775377404217,0.019523376297472094,0.0,0.005872401466653592,0.0,1.111734243529666e-13,0.03507242973402561,0.0,0.008331637925803659,0.04566201376813411,0.060926299483458304,1.3148943199534932e-11,0.05209520545759837,0.0,0.00977590971773886,0.0,0.01525263375961528,0.09334214041701273,0.0007587210171919423,0.015876102684896226,0.058739487767137714,0.014840665539428002,0.0,0.02237307995442683,0.05138443345930238,0.04208349889425595,0.016509888027894312,0.048412264183427506,0.0,0.024615547547727167,0.054487516817218494,0.016787345085426716,0.018791652303475872,0.07001811719106522,0.0,0.0,0.0,0.04801166844015929,0.0,0.042969461957152635,0.0,0.0,0.0,0.021657954599735837,0.0,0.003014944938343867,0.015770471472950864,0.03846092522864771,0.0,0.021098321017328982,0.007999194999278703,0.029842386464067616,0.026065344543592925,0.014081960801069765,0.026429424814767965,0.0,0.0,0.03386840188649166,0.010502146323696044,0.012909846595889006,0.0,0.0,0.02296073036097364,0.015633497468403448,0.0026859723353501222,0.036335451076800716,0.0,0.07095024072677278,0.013689692240146533,0.028023444462167323,0.034921889608507284,0.026881409911980816,0.0,0.06590915419616634,0.03133682360270522,0.050314765535453214,0.00948992759080226,0.0,0.03230040264037788,1.8962855387457178e-15,0.0,0.03669189299565757,0.02380057445094797,0.04518053672232248,0.03215178263329269,0.0659419265131405,0.04564046367243692,0.007914624549166756,0.0,0.0161278628020166,0.01788955636236993,0.0,0.05386170368340033,0.00019542912876436365,0.02949887276719693,0.022678744759130023,0.030226194139734628,0.07592398412063822,0.014470054635940425,0.022077276132262548,0.0026188227759621203,0.0357761647733316,0.0,0.01225421111674066,0.0,0.007512586511257118,0.009521852149946554,0.03534532733127783,0.012253495028001096,0.07130346685298328,1.2493375024901277e-14,0.0,0.0,0.0,0.01759576769496602,0.003633725238168336,1.123959330381e-06,2.5764841402165157e-08,0.014983414630241481,9.705189146480387e-10,0.0016078204756708066,0.0,0.0,0.0,8.685164832192339e-10,0.04564275382375419,0.027172156241547812,0.02619412103324438,0.02627392110029701,0.0,0.0,0.046654108477243675,0.016216587246948886,0.0,0.025002889263361684,0.04672834942347483,0.027673815676945154,0.05529924650678836,0.005288692421252243,0.012504558349283944,0.025344621737792446,0.0,0.0002491865250395155,0.0447562666966132,0.022759035526851348,0.030367952430028586,0.05770906758275255,0.0,0.02036854132597645,0.027125623477158942,0.023464994519783414,0.038060173194715045,0.0,0.0,0.005733938291656703,0.04877585038121389,1.3221997906139819e-14,0.056990318746617606,0.0,0.0,0.0,0.0,0.0448129972016659,0.08594446391709136,0.0008976553632889755,0.02677098792575517,0.0,0.0,0.0,0.02362314966481632,0.02818556314030809,0.01910509139242002,0.10967747295421904,0.011744611491472929,0.0,6.891564833965513e-05,0.04049354327378436,0.03626492706882307,1.3970691113023764e-06,0.016743081527529992,0.026511136048127017,0.019066380939263824,2.1539023400094194e-09,0.010155725946127778,0.019387292728599195,0.0647412834527931,0.05698821023225293,0.0476558413577778,0.028910076750015966,0.0,0.0,0.08927273469003914,0.0,0.019437604206473776,0.0010662712334751833,4.1749686559376275e-10,0.009014190463114302,0.03629453872766573,0.0,0.026623550036428252,0.004594873244208721,0.017155242764092353,0.0001766403045827265,0.021896991390109036,0.050866760023732055,0.04906995845732482,0.014701855015868617,0.0,0.03338688759515978,0.07624069440718821,0.0046986358217062495,0.018061409095569133,0.032747360850775384,0.002845510375025237,0.013855548956978951,0.0012279504296060246,0.01379192756509593,0.03271030283496946,0.0,0.0,0.045977007660960474,0.0,0.04511848702925781,0.0,3.702917014657972e-05,0.02484040224144148,0.0,0.011091217224383821,4.049037140522142e-07,0.0,0.012324866191169095,0.0026934382602000965,0.0
Sig_12,0.0,0.0,0.0,0.004188254362811619,0.020259876396586794,0.005767669851172991,0.020947175805362483,0.05452052457415969,0.044689343857455835,0.0,0.01978179126164725,0.030831574846422943,0.0,0.06238118947603581,0.013460275158351203,0.0,0.012038265677243667,0.0,0.02345244421934556,0.04114262199660807,0.018286260346943594,0.0,0.033654720125552075,0.008164507674397562,0.011887527980675808,0.03750707227291562,0.0,0.0032991670602758203,0.0,0.025013757190236,0.08527256259383931,0.0,0.025466138497383294,0.006922629071830286,0.0,0.023685898216121406,0.0,0.03802602313290643,0.030046996691459934,0.030176033147720514,0.03998073200225092,0.03323226709451438,0.003736605027661546,0.02586637551358509,0.018674746327862594,0.0,0.0,0.0,0.03003625328127018,0.006354978070493321,0.03971378367424037,0.020409820085093577,0.015405093863149491,0.01824731425606721,0.025187325196845845,0.006092290300680079,0.016692085844646862,0.031938396360709026,0.032469287086906023,0.0,0.03032289030235254,0.030475179667846092,0.017798679145930755,0.0,0.007948868834762377,0.010220392975279336,0.05111391188837136,0.021135047566830958,0.0,0.0,0.012693762318744178,0.0,0.011534475231308497,0.009948041535342197,0.008336997403485369,0.01999014816420368,0.04002957741184437,0.030969183534679465,0.015585357781954844,0.0065065702010943145,0.016044195461376923,0.0,0.04426629281733033,0.013849665937262641,0.020696208669547293,0.03119219989117314,0.015488195070343016,0.025074206021664873,0.02218346123103496,0.013465182131283178,0.029077635983024847,0.0,0.02612801859391341,0.0627967854488544,0.0,0.024071647743862033,0.026435423621712143,0.01927300631153032,0.011852721337294859,0.011253936024533924,0.020601106678577757,0.0,0.019020875378651218,0.03520542387954667,0.0,0.03727072509718294,0.0,0.01609932402481867,0.04834946517173051,0.0,0.013723770398130775,0.007991408309187317,0.02112834608896732,0.011332477816324805,0.03818397718248847,0.014439200177928196,0.0172056326036079,0.029296105828400042,0.0274267633461775,0.03801244317267926,0.03095227290198827,0.0,0.0,0.05466155902627327,0.027071249057229303,0.04174956764257529,0.0,0.0921253817389846,0.02077362943858668,0.04397690641917654,0.0,0.028340877640485866,0.03982236023504209,0.0924911822794168,0.008812856871645576,0.01626419803207399,0.0,0.014595320443036023,0.0,0.026247903706720248,0.0,0.035982880712698166,0.02514669428977468,0.017790864818893568,0.1325925854736648,0.021412241174301173,0.0,0.034915940770841085,0.02025015961808271,0.039400429680179025,0.011184897275140443,0.008391876468983348,0.004817890666528973,0.0,0.0,0.08014201355287932,0.0,0.02178882780110412,0.07135625810407414,0.02506862800328817,0.02895133010666884,0.0,0.0,0.0,0.0,0.020812404301172805,0.034649715722319174,0.06991691628257048,0.04668522608554077,0.0,0.0789036652766118,0.0,0.04737619770064755,0.0,0.02503652359956949,0.002604739199830609,0.0,0.0,0.0,0.0,0.023398287163481624,0.0785746252159609,0.03430022937855965,0.026379665064602924,0.0,0.0042388962073662126,0.012506006838250096,0.0,0.03194372463580758,0.03102857539162118,0.0,0.011411008218378076,0.005416110770301361,0.050157497174715356,0.0,0.0,0.03957344775142502,0.0,0.02184576370001856,0.007256230157600559,0.04295909316415907,0.0,0.13076281030668807,0.049800669717787946,0.023914445298442347,0.0,0.007476520814986283,0.017575182339007886,0.0,0.021114933824628205,0.0,0.00928459821947999,0.02507703128394751,0.01429700421474582,0.021836776633921133,0.01087653788585534,0.023590218487481017,0.02567032036507157,0.04370341185840522,0.04383873884459288,0.01453111948498093,0.017642245014330555,0.0,0.0,0.030181767904072874,0.0,0.04879674825567437,0.041900681475022426,0.0,0.022632325818965113,0.07068784227915723,0.02030676555203369,0.03766466961013344,0.006135067237944585,0.04819297388388015,0.036546606086611005,0.04257282813004612,0.020111540678436013,0.015796566876484636,0.04527119505938875,0.03180186622783735,0.05876942781118452,0.016984903484022013,0.0,0.0037162520999892076,0.021543805918455634,0.020656808512435756,0.01707136902005293,0.038358205349908185,0.01645189046803918,0.023107987435293735,0.027898276929508005,0.0,0.0,0.013301328601754196,0.041498298158327604,0.016858738278771927,0.030272131139211206,0.056041204418385795,0.03535014433441421,0.025181846143443636,0.04922770586978776,0.0417421514944424,0.0,0.018181703140540434,0.01955285755618981,0.014106574148740041,0.04096123236907909,0.009646360208241474,0.016421363862155907,0.011839495172887316,0.0,0.005363280053394846,0.014859410262117312,0.037950939076982014,0.011316862140510957,0.07626715183394321,0.0252852477957343,0.024833912418985783,0.03599400296177327,0.008198645734974466,0.028320529592156998,0.0173744305318877,0.010447801145958136,0.0,0.032073748651506605,0.03235840255265904,0.054091342501909306,0.0,0.0,0.015029640588301871,0.013361926120370318,0.02744226218433137,0.0,0.039397049427885404,0.032605641293883374,0.01109756066438698,0.004840502950046666,0.017600041460962026,0.03214977251008059,0.019114025366899046,0.039463758625122684,0.0,0.013863242615693348,0.018936485185664948,0.038321601296278734,0.02325637011811425,0.06038664044841619,0.02082437251960584,0.020240293790354576,0.01318231433294073,0.0037187731315908427,0.04568261434422218,0.035928469998495235,0.018466151146162603,0.018006727681829805,0.0,0.02755260090082126,0.0324109224392281,0.027218188473185953,0.02007152958157607,0.0,0.00926165106246871,0.0,0.01742684848218571,0.03886729784474833,0.0,0.0,0.03852519667637515,0.0,0.009836597068821092,0.04300057070135757,0.02444532109791249,0.0,0.05467937716376725,0.0,0.008935238410747838,0.008668673527539058,0.0,0.02913300770183392,0.03125363876827128,0.03404173019516275,0.017422800412823507,0.01212676114869486,0.0446930200306161,0.02159280033271145,0.018161501874016446,0.0,0.015045008867189489,0.6045028773666989,0.0,0.0,0.0,0.05492429319215442,0.018034239974245733,0.023724521576471504,0.0,0.008185153657077091,0.03340542107376689,0.08550215678345545,0.023136429560357122,0.022728988112811505,0.08812469150868339,0.015599611009125483,0.017342899007465395,0.03411910113499547,0.0329105866314501,0.022110390301920184,0.008947399203422218,0.0,0.014620816803933429,0.031508112222159,0.0,0.0,0.0,0.02550708521349198,0.0352996822775219,0.0,0.022372789673161846,0.01573614841243533,0.01821234660554714,0.00588384420974725,0.01080140781334911,0.0,0.03128785023069446,0.015498363943425183,0.03557632250906994,0.01981271372470778,0.027359381871249824,0.0,0.02068450923037119,0.024385302658513616,0.0,0.0,0.05098132760407047,0.0,0.015016328079152406,0.018718274786746408,0.11929061759812709,0.014916280363527191,0.009482125262194196,0.05617794664761276,0.0,0.022274838230040228,0.0,0.011136341125630188,0.02643486869201458,0.014529201145185758,0.0,0.0862554532826442,0.008836825330773386,0.005471649170874942,0.09509525032365436,0.027821874534748447,0.04218155240396538,0.028048413811943215,0.02896389146448392,0.005358872471713104,0.0203489993488723,0.02919246550975721,0.0,0.010267331181304738,0.0,0.0,0.051965620408862816,0.032290029905264125,0.0,0.013539035619612878,0.0,0.04764706331926072,0.02518298965415341,0.0245228811839551,0.0,0.0,0.03162593601838535,0.0,0.01426054863305795,0.007497466996880415,0.026349912377519505,0.0,0.014997844289655284,0.011977657839917399,0.009478958224720871,0.006848609751896866,0.030700606823736307,0.046355913634929094,0.02147368071335022,0.0,0.00839986531927312,0.028295267730814252,0.04544421652067588,0.02355104826717089,0.016405417694185655,0.032345096897902374,0.0,0.0,0.00483075208151939,0.013669250766823245,0.0,0.05716101819026611,0.03075364430707616,0.010913014299235588,0.018045311458231406,0.0,0.028771284667071084,0.0,0.0,0.032608220223632814,0.02897447104289324,0.03633824744664194,0.0,0.0,0.0489043454467933,0.016465766724524253,0.00948383313677452,0.014370271799408899,0.04138441138345796,0.007179819650243028,0.0050244263751448364,0.026992511790125656,0.013102362966995467,0.029962189298317017,0.01806766474676488,0.048700962064988175,0.012211402695293494,0.0,0.026827634033846918,0.016610205501459852,0.0,0.0,0.03179916105451219,0.050265431968974934,0.02852418087895126,0.056914532470480325
Sig_13,0.01947911288236252,0.021467052805621813,0.011044718580502998,0.012754713975447307,0.012338294492271562,0.029118791269278035,0.0,0.0074746679722487615,0.023077319783985042,0.0,0.0188781014204416,0.0,0.05457247540054125,0.03924057303006294,0.019151866022003885,0.02267478391718143,0.004529492743024364,0.030265570417547034,0.03995529021341137,0.01799656240654729,0.01469664046330633,0.03693352147101358,0.014968164053884053,0.03120964726076164,0.01100650242628296,0.0,0.005538671553951269,0.01555679628146537,0.0,0.011511720990132847,0.0044878102895219785,0.0,0.0,0.03251380665118813,0.0,0.0271475252632332,0.0,0.04546179340056119,0.0,0.038708280181350786,0.021610538224198728,0.0,0.015753503512503444,0.07188526277270511,0.058045804731979816,0.024107307213977795,0.02329024525568053,0.03215547889061798,0.0,0.009275587253492422,0.0,0.06131877455474128,0.0,0.0,0.01749847605020751,0.01598301308092732,0.0231431631881251,0.014934106928868263,2.4760400923143066e-16,0.09533180111338313,0.0,0.09191586410512831,0.0,0.05212476428579041,0.02290910688681394,0.02621428257969043,0.0037653021277754338,0.005891453047471806,0.035074538876463154,0.016413197581312433,0.013375967735345093,0.0,0.0,0.011998994788383217,0.01777984040121316,0.006119200863510451,0.008415684398288057,0.05015881794632019,0.037212225025511435,1.1325678884697272e-14,0.027856352421579408,0.024393729948135257,0.03301614620406374,0.04047507184850756,0.018788199550679938,0.05035668178298478,0.01328705545603019,0.06889810554060337,0.040488501248005314,0.022212297824701535,0.005175152220465749,0.008304783381514066,0.006682712486217614,0.018053174707006542,0.019546535490347114,0.00807293853587832,0.025828697361375864,0.06836240769883827,0.019934202360610363,0.027078183433155992,0.017719716295352208,0.040997772786381795,0.02381157542704899,0.0,0.01214609815073802,0.034073808807491376,0.0,0.027347286304223575,0.05158491526635826,0.03715760051879776,0.020722358311127717,0.023136021718779848,0.07553574580313699,0.01826369362626988,0.014201200217711213,0.020133578230381144,0.015638478635228145,0.052889885224088044,0.014608639143363295,0.023810771974775855,0.02752584750177216,0.10584537302169494,0.01844171617211223,0.0,0.04455235300209702,0.04187551446736666,0.0,0.010168284118496039,0.021805736801617487,0.007276628351836206,0.02354147165834322,0.028587360726958548,0.06678760827561593,0.029143988729711454,0.0,0.0,0.0,0.0,0.07126604446740574,0.009597812988473094,0.0,0.012357454254759547,0.0,0.030499962176680478,0.0,0.009882834552638959,0.035256813819280516,0.017358605511366924,0.012557358698043858,0.012490269722160588,0.12754610791336105,0.014942594837515534,0.031295693876497305,0.009465465568404328,0.0,0.020125058449475253,0.0,0.006920187295752164,0.09402910810354043,0.016052800359647727,0.03411486670369557,0.14168982720964482,0.06836050044364156,0.06186323656132438,0.0,0.03600319591249316,0.040372310672964096,0.03561130273027164,0.017799235328305955,0.0,0.06477247975404371,0.017255695749639855,0.021453846419754657,0.01202058463021187,0.026976578859463262,0.010646902995177449,0.0,0.024726664098237025,0.0,0.0,0.018193374207244394,0.010397684607021824,0.024911647618407574,0.026856304425602294,0.019972184287672674,0.020827205409051586,0.014405764720563187,0.0,0.011269943226862079,0.020184853575061397,0.0324252985185818,0.06031660552487063,0.027919367733663915,0.02048628285486091,0.0,0.0407537564687038,0.04548624101486438,0.05265561050808275,0.016262865241641233,0.013990114762030418,0.011114416556033496,0.0,0.0,0.032218074580490794,0.08110048884756194,0.04810884534559596,0.009169603031252353,0.007519152204231256,0.0,0.01992657254089164,0.01597298028074501,0.010668971361409792,0.00925591326169757,0.027730850576200804,0.013628288204661158,0.01807895077653127,0.024764299713141306,0.021587044374520255,0.02187775648631022,0.0,0.0,0.03489111854419109,0.04635060378283741,0.0,0.0,0.029048531587856363,0.05064223229696793,0.02012565258859556,0.0,0.025626867249761938,0.0,0.04656761412476976,0.01834489481786496,0.012311863114789623,0.0232791579259784,0.013332115601955042,0.02892861711711098,0.01958773755262841,0.02156244933625764,0.0,0.09323576988318694,0.011047919690064583,0.020331396104039567,0.010075372060246881,0.031124564704762468,0.03943368630395478,0.01175992848785903,0.012963790676600275,0.024723257667818233,0.009769684452634904,0.0,0.01637428508720944,0.02930927140303278,0.009916387930966405,0.0,0.01897283963769563,0.025078713277990904,0.04089846863216185,0.04142479390877862,0.03687985884516465,0.052519244978157256,0.0,0.03477129564377292,0.0,0.05689480994373236,0.0,0.0,0.0,0.011461616916099083,0.0378537784093169,0.0,0.0,0.009665887344346442,0.017391593741271416,0.01825516990892088,0.015480794515361489,0.0,0.006926436775387733,0.021369311633666885,0.009563862032918542,0.029061432380938466,0.009561972466244045,0.004159606616983021,0.030754938522668702,0.009061113783167487,0.018548277122069065,0.028150693916910715,0.04578284064629861,0.02025921903466439,0.27894375791815035,0.028235621556551883,0.035253964113459296,0.01704665951719218,0.01831083947416261,0.0474595122805906,0.0,0.013121891903848689,0.03394931518503889,0.0,0.01636884085491055,0.0628251915595915,0.024540915862826446,0.057853813849198264,0.010221902781518919,0.0,0.029046198889942015,0.010122237589039632,0.024142551051949623,0.004436714912073225,0.005580702057356962,0.0,0.0,0.05509205958912433,0.013180437850101263,0.035300094014264066,0.018562296638118935,0.0,0.04325307931685048,0.02021781152226119,0.018450611191662934,0.005712275087944879,0.0,0.006527949773538239,0.023517218931385035,0.005072912861362837,0.023171236712518754,0.0,0.0,0.005054972209226414,0.04345692335733841,0.02424334868834851,0.0336433403186662,0.017332742125293645,0.01385370581498598,0.014678629962518694,0.01884295076813474,0.04044730823404117,0.02838365931785432,0.0,0.015521752026606163,0.03876573091106668,0.01020746114209263,0.022919309897112237,0.03564162173816617,0.04789934034949286,0.012164306340539352,0.0,0.07840411783376194,0.01718099143079057,0.0,0.0,0.010688880754978623,0.0,0.023700637992527283,0.010750758539460874,0.0,0.0,0.00736914201685036,0.0,0.0,0.025114075799832904,0.0,0.05171010931857547,0.053382225437160175,0.013759133148082959,0.029469926980338675,0.013103950668084802,0.020323350423086216,0.017370425154791546,0.020435982591696374,0.010230930721960678,0.025343746808503057,0.008962870293937615,0.04766601888874008,0.0,0.012564891765986122,0.0,0.11928607627899165,0.023227672488360277,0.015418506124355408,0.008885051798410742,0.013025715771791015,0.010715513104169738,0.024626872920558634,0.0,0.0,0.051139649065411644,0.015809625678593054,0.039643675569188845,0.0,0.005994366132148504,0.0,0.032772111939054806,0.007620379374449184,0.010463993956331248,0.0,0.0,0.0,0.03495454041271601,0.0,0.030513627371026135,0.050344333012903406,0.026692092895859935,0.03536906299732907,0.009761181181070767,0.0,0.04767954569307899,0.0,0.04185310925129111,0.0305875647299675,0.0,0.016609586225265597,0.07881469913824914,0.0,0.022933046667932454,0.008115103389512586,0.0,0.007475033954887512,0.0,0.009281868674092251,0.0,0.0,0.012734202429241179,0.02661418995087447,0.007275064679376799,0.03284511702141681,0.014045674945158248,0.014918876713686692,0.0,0.004963449752555068,0.04061397680824078,0.002963395475075082,0.00920060779973734,0.0,0.02868469177189044,0.034877342780156244,0.003310781395142224,0.0,0.02630486352449874,0.011109741285155832,0.020305774256017026,0.020844192470842668,0.027220095932827548,0.008634350513630207,0.030293650445078747,0.021473493269868568,0.0,0.0228785220592074,0.012498133260537106,0.018255324482374557,0.008339314241959179,0.0430247869424693,0.00888705455665826,0.021126980235151405,0.013445342060453048,0.0,0.013031633162877287,0.026428879935440058,0.0,0.019353220623157922,0.05823961761062506,0.0,0.0,0.07696521437258985,0.033137965431299016,0.0,0.0,0.027006629225905056,0.03968106075857829,0.0402351672985367,0.0,0.01370948624975157,0.030214711062380956,0.0,0.027915042732332803,0.0,0.013544987777519866,0.017791939229963374,0.018193974148912922,0.027149264379307758,0.032752518706959846,0.0,0.0,0.01900113144432634,0.07427065053944075,0.0,0.021233611080809314,0.005103133793581624,0.014837560843829816,0.025551684972834075,0.014045622652306211,0.01361886713049848,0.01736055735646428,0.0
Sig_14,0.0470831776960132,0.0,0.0,0.015874252760932166,0.06120701971036092,0.0,0.022875970370375098,0.06071982166101245,0.03911190822365616,0.030986759465857612,0.029507821700830668,0.0,0.09366078823057411,0.012621031494203815,0.0,0.01103596803400475,0.014889285983143331,0.01376293503188506,0.07253788724425271,0.02015937656664498,0.010753149552909746,0.0,0.03377134895393144,0.004399955614686036,0.0,0.0,0.04526944881153741,0.010698805377189608,0.0,0.012785988386604202,0.05073067616848026,0.0,0.007054576232028793,0.024325065126251568,0.027948984428689528,0.006721704638514038,0.0,0.03660572739489,0.058899521514678733,0.0,0.05614006756884632,0.0,0.0020194200674656954,0.0,0.010741019211008746,0.025599726690117244,0.02519818976390179,0.0,0.0,0.0,0.0,0.0,0.0,0.0,0.006383627249952584,0.038203607353677185,0.008529747975893268,0.03956870408881137,0.040367089654550097,0.0,0.012158643746400818,0.010710791391748829,0.014437469247445621,0.03175656072892646,0.01617326195852579,0.010022446703966782,0.010269640864789178,0.016952708798650483,0.0,0.0,0.007122445617817297,0.036501224453293346,0.040225446501524466,0.003803548796154462,0.004942331039240254,0.014312017384121271,0.0,0.009574557007245034,0.0,0.0,0.02501804662990924,0.007467104989810384,0.0,0.06011418234197927,0.0,0.04578512319670099,0.01821701211093788,0.016636376867022882,0.05403911219151766,0.021153743657426484,0.0,0.005162717220666378,0.0021861601220482508,0.036602084833540154,0.03086138875663446,0.0037380740389002546,0.01339907968179193,0.0064362197800763386,0.013586143087561729,0.015345744133933484,0.011869316878000895,0.0,0.014412182004569543,0.03158314335381238,0.0,0.042232959892841565,0.0,0.024403714215918148,0.04498330346288002,0.0,0.014359955108360788,0.011354374092574816,0.0,0.002833819383973874,0.00917600583065094,0.030293908626097623,0.018706327234246006,0.015270640403570618,0.009640084529052344,0.022828088226491287,0.01084785819832782,0.0,0.008760608798784696,0.0,0.04887077623378003,0.036787532583014926,0.0,0.0,0.053965410526170654,0.016839383479552307,0.043173038563260935,0.02023834513573275,0.004050604208968487,0.0,0.027072811872956275,0.01664364227963983,0.0,0.021664577041878998,0.0,0.017564309861156955,0.03309191119052092,0.01964589335102245,0.0,0.06509378385791655,0.0,0.004942448703659922,0.05850367921860184,0.061091037471881125,0.010543033745110942,0.004647349568162172,0.0,0.008965011715925768,0.03305828707425123,0.034722807437154675,0.02779040369382826,0.011991347683222046,0.0,0.0,0.017938816861513513,0.0,0.06894899445069526,0.0,0.0,0.019726267424782704,0.0,0.013248638885128847,0.05553484912170597,0.037664031715450665,0.03686664551525852,0.0,0.006342290154746813,0.053503342387972934,0.03269621029885503,0.05801904136168288,0.03138039355357339,0.05776431584977707,0.0,0.006095063332453798,0.03888252084500927,0.0,0.004225742517173179,0.06384931818078735,0.0,0.018559609103362962,0.009041657217663642,0.0033418657991808607,0.03885494570720439,0.0,0.06661137487258421,0.013885693146419699,0.0,0.02385346137650924,0.020112224095032393,0.0,0.0075681345667181895,0.027025025372621546,0.13144010336920312,0.0659609752356111,0.029982450743452422,0.0,0.024905243643216085,0.21723312565689817,0.0,0.02076725974390164,0.0,0.0,0.008165598166099622,0.014749080357738323,0.013911829643747308,0.03127654562992227,0.03484932544236693,0.015435536651782215,0.020235590688318896,0.01955125392647328,0.03303319346088681,0.0,0.028963114767858143,0.004879284938461065,0.006812117730752843,0.0,0.04247028236233069,0.02873689917608677,0.02445750942458315,0.0,0.0,0.0,0.03220306593441614,0.008707489699601978,0.0,0.027954968060063125,0.013347380167204805,0.013218102028962198,0.04639436407332919,0.030988292816963303,0.0078066101481245286,0.00855528192280484,0.012463864171602114,0.010685623645056899,0.0,0.0,0.046104676418457585,0.0075638901165473015,0.04792027623425715,0.030098946390818268,0.0039024461356398817,0.011999118603847222,0.0,0.016093872679934864,0.027425085453381685,0.0213660582569841,0.07047933204444459,0.008393164219838245,0.016780192970532203,0.0,0.01757784545810979,0.05353871985322538,0.0,0.03315557998575883,0.0,0.015320831045299193,0.022506770434615894,0.02960602860990904,0.0374361957404988,0.0,0.01777958581611427,0.03677876367221767,0.02668460218259071,0.0,0.03823383773392794,0.00403637110239918,0.0,0.0,0.05239276036837525,0.0,0.0,0.015592785382009837,0.008424773221602396,0.0022774004179162387,0.010748597260552778,0.00612986980541094,0.0058981126870101585,0.029192118838399287,0.0,0.0020478947963607193,0.0,0.01123849753260882,0.0,0.007912784729561697,0.0,0.0,0.0,0.01765306822823756,0.03371788453728694,0.04948663626427178,0.008845648455717203,0.048641117359618506,0.025689651706426522,0.009320767021886295,0.0427015826280337,0.02735424541110738,0.01624299411204054,0.04178855616342469,0.0,0.004874936940104225,0.006744593947666087,0.0,0.049117371934240255,0.0,0.008701352234000514,0.031969543679938185,0.013016223591309172,0.03397793155662327,0.012148922764672665,0.053224158810269304,0.037095304078748476,0.0,0.0,0.03409436254638958,0.0,0.012432010888894151,0.0,0.017960833460509265,0.012229259144186317,0.0,0.01084036067964982,0.016589613802426396,0.0,0.0,0.0,0.0,0.029668618407723342,0.00871524135857737,0.021637711745307594,0.0,0.009624251452841577,0.0,0.0,0.0,0.0,0.012502871389525454,0.04478398090008312,0.006089549495524329,0.03853027626166842,0.03219686540026005,0.015254691547279346,0.03622673772667036,0.0,0.010351913823576869,0.01250816499442,0.0,0.0,0.012401702858869382,0.0,0.042478698333084736,0.0048280883866551995,0.023202190775649705,0.04233160973852918,0.0,0.0,0.005708577977594621,0.028669124261162547,0.013323569882871403,0.02531314549175379,0.041787695614179124,0.010104087209319178,0.03757489857080953,0.03223562714396839,0.0062168954762118105,0.0,0.0,0.03560534528777003,0.0,0.02021491251341352,0.0,0.0,0.0,0.004188081082833689,0.005387026857657018,0.03514302521309544,0.0,0.03505909568176823,0.0,0.0046900853384835,0.01916763442781711,0.0,0.0,0.015497885008418399,0.008837730810043574,0.014124113589699287,0.0,0.010529613825168399,0.006097150794668521,0.0,0.011983107892132949,0.0,0.0204594331478258,0.0,0.0,0.01458966226654531,0.0,0.04685842566848426,0.015151813121915356,0.0068462479052241,0.0,0.0729296526060705,0.027526942611661664,0.0042331387789652595,0.04623550279711017,0.0,0.03429784979019737,0.0,0.04131433098449384,0.026802248071951917,0.0,0.0,0.0,0.0,0.02825502640890549,0.005601042270215736,0.019839429785598123,0.0,0.048430743071884254,0.0,0.0,0.006444565469278493,0.040669476505138025,0.0,0.06341785529530249,0.0,0.0164118951776127,0.051788754821017316,0.0,0.0,0.0,0.04806721905799206,0.010081893435721214,0.04519504475784421,0.0,0.007360201501355968,0.01692552132440025,0.01648981842696218,0.0430827714740824,0.029368211616240245,0.03811120302636495,0.0,0.04534684802995026,0.0,0.0,0.017357218746001678,0.013172448953981562,0.039347235244108374,0.0,0.0,0.0,0.02256208834807277,0.012636532899557785,0.005481026826479517,0.0,0.013983718227481295,0.04795464535925453,0.0036425441785078888,0.02057154675101722,0.018167282279813974,0.044680933561202216,0.04674927021985038,0.0,0.0,0.0519891944025409,0.03842737097541316,0.01461978372333937,0.0,0.012647093376567286,0.073128484115423,0.0,0.0,0.007175746364588376,0.00450015235566043,0.011024145282776041,0.006090185415907805,0.019449444872393622,0.04116524483460568,0.010945050259801796,0.022334433699347667,0.011512533441142668,0.0,0.0,0.0,0.0256429664895033,0.00838104121007356,0.020783634908294126,0.006464245806078684,0.01552582002210719,0.01451665407684269,0.056114759873981755
Sig_15,0.0683460663258742,0.0338690549613314,0.015821188438144645,0.0128609064789841,0.007725157368175679,0.023900308879093453,0.0,0.014582513827741367,0.024591445029536002,0.04363044535104911,0.028964653350155887,0.0,0.0,0.010117814736639615,0.0,0.005433084854526605,0.017850150017149912,0.007942804418089377,0.032128473781183824,0.06062911552846883,0.05222178843307601,0.015596593719853545,0.007987396887130073,0.02855298423928035,0.05385156972498948,0.0,0.013850108530673946,0.013105404562057337,0.0,0.0,0.005826651990912485,0.0,0.02868511207199416,0.03528161444654721,0.01716622014426417,0.034455606614343506,0.04844133748422903,0.0,0.0,0.018347357749075196,0.02442935480354539,0.0,0.02856209552851698,0.06975729613818686,0.04012625433720005,0.020174626898963016,0.017608013947132805,0.09245626210221462,0.017126793267283457,0.011351005723845653,0.024827342982280967,0.04219759024685313,0.0,0.0,0.005988821777927168,0.04109403673541278,0.043811910127802715,0.03850150684423275,0.004918769864022641,0.051752480440929234,0.010653585818273378,0.023786970201271934,0.017270497257246154,0.01887297690462089,0.0,0.01372058729905222,0.02741325982438571,0.05219226265072889,0.03163701975100579,0.010775040392582222,0.01930242571359598,0.0,0.01825654002302035,0.02281488699700142,0.03438625175441361,0.03628070553366315,0.006951668819184168,0.0,0.0057509858983869075,0.0,0.01470169828542209,0.04437328410327681,0.042310483326495396,0.026268825207042063,0.014382615361430913,0.010751897602446402,0.01323499060712989,0.0471395693572857,0.026183137337873634,0.01563849141579154,0.016666578522189564,0.0,0.02242028651925488,0.021866444757573964,0.00021939692146433313,0.05279441810659702,0.008564817782512094,0.03433952184940243,0.0037817504430234104,0.04504028774654193,0.018901412786576026,0.0,0.005051596725963403,0.01150982459766335,0.0,0.011249679385938878,0.0,0.01620827778636119,0.007087404714856212,0.04617256413453533,0.008229663256298073,0.009294506689147958,0.0,0.009289883766305589,0.0,0.00557584750844239,0.0,0.05483752345008578,0.017461100544845006,0.02297091192644443,0.0,0.0,0.007695964728135519,0.027326745898944994,0.03644452578140196,0.003748224348180138,0.0,0.013378088217581824,0.047680041101479186,0.02055396350600392,0.020397642204160935,0.016613843927194265,0.015630958062476694,0.014974709767634407,0.029576715960337563,0.008426766179852682,0.0,0.04251671615527375,0.0,0.01831238376306801,0.0,0.016112845987213322,0.0,0.0,0.0,0.027939502832416835,0.014444109827253691,0.0,0.04653843900052057,0.036336790350257525,0.01472410881404039,0.0,0.0655171692877085,0.037891511482602766,0.016439521964944956,0.009289993673216474,0.0,0.026822889795375785,0.015896349714625085,0.0,0.02196685594330833,0.0,0.09235173766457634,0.03662124199556876,0.03990204919243,0.03174528782003099,0.01819474711006846,0.0,0.02007675565420044,0.012500395371986951,0.06323325225758478,0.009037000970612791,0.022721646372954728,0.0,0.013121257317202652,0.0,0.0,0.0,0.06816427881090109,0.0,0.02170006450829633,0.0,0.01654648301652864,0.0,0.0,0.009007742206177744,0.013565873753945587,0.0,0.0,0.02123733514355306,0.0,0.07653359977379647,0.019692825275919947,0.0076226036967944775,0.01548166502947455,0.04258117856274334,0.02267692537059488,0.007203454237485775,0.017466169365055257,0.06298507629347996,0.04415371280309987,0.0,0.0,0.029857968724421906,0.03932630431850405,0.04139966168829235,0.017786011658672406,0.019780773705726833,0.0407051208632116,0.012010077527550688,0.011531789809181788,0.017031758046005353,0.04170414189052085,0.010250575744476884,0.016779564424640642,0.021701279003280848,0.024999320969554675,0.007037250804821455,0.025981146959672453,0.009667246211169928,0.03191006478969129,0.03295729898803889,0.0,0.0,0.0,0.016237487516701624,0.0,0.011714118652996444,0.0,0.01633298216461492,0.03472279076545702,0.02102735359742854,0.023254277052119732,0.03380872085325483,0.0,0.003305433763675037,0.020823207658415523,0.017140942340996914,0.03174125125111971,0.028641849709904365,0.0,0.010764788806577793,0.00868159987291176,0.025168302512471458,0.022101506041658395,0.02316720358316972,0.020861875057004965,0.01039406969276579,0.01696881244809508,0.029721968454991414,0.0,0.0,0.04051949031146003,0.024565962323889468,0.010011790324605642,0.025723365507209307,0.0,0.01680871695031779,0.0,0.04139691290044159,0.008178125047774591,0.00868590928287248,0.0,0.0,0.014699135760129963,0.03506937681227538,0.0,0.0,0.03672284082271122,0.0,0.03961356936363551,0.04084829476693309,0.00942372071593058,0.03145547183856246,0.10644355543110152,0.004710420940806818,0.0,0.014135045823445352,0.019217309627042062,0.00812183364153736,0.05116889788945655,0.05114195488119203,0.030881026917941642,0.013843038390435967,0.032166904383178166,0.0,0.0640043550103782,0.02797605000823439,0.01577367601318316,0.0,0.0392101023152815,0.03532665809306148,0.014163473889870748,0.03546223695384903,0.02510062201953637,0.0,0.13727038913576692,0.0,0.0184348793955354,0.011683079250111337,0.03382727059943168,0.015256539532793366,0.0,0.0038648835546118425,0.0049632348835443865,0.024893224454871705,0.009929843163874788,0.058935879909139524,0.0075840959194820295,0.03223116519108291,0.005643444246997033,0.012680018698822612,0.04432950094489397,0.03937874759043063,0.01224186909494349,0.017889888097806773,0.0,0.017982002842629432,0.022555825992152494,0.015138030843848526,4.3668220337537805e-11,0.018567073675209773,0.015836264813295416,0.02370257659918932,0.011239127077673014,0.021915116449904133,0.0,0.0,0.09523599303623904,0.013539722481843977,0.023419675621938,0.024776854940633544,0.0,0.0,0.018266071144487448,0.0,0.019163390400921316,0.0,0.0,0.01472542290320231,0.026882630806785646,0.013397817129920806,0.020314106938658795,0.03650636236295858,0.016591218033445064,0.010825697015152513,0.2230446246524339,0.008879319395700013,0.027191512275724472,0.0,0.00888967734345806,0.0042780902782422236,0.0,0.02158791613520493,0.01424498373498106,0.0,0.0,0.04559058099694231,0.01867336835365813,0.004192272851511553,0.05137611327059113,0.03923396661420301,0.008780693513619852,0.00279841037667155,0.01738635179550115,0.012441689286068605,0.0,0.015518821834633614,0.0,0.0,0.02500423458008965,0.013585815561281014,0.02766634487086248,0.0,0.0,0.012840902781878666,0.0,0.004042005119676613,0.0,0.05193027907557987,0.0,0.030620884102768087,0.0,0.0,0.012372705741109847,0.024297106361651256,0.020909108249977815,0.012709065635996152,0.022986246964706476,0.03788073326653262,0.04279976214754223,0.0,0.008281870114480476,0.04091123197231049,0.013497790096201103,0.06990892903884646,0.06746930410916985,0.020142669954819826,0.018248851736172415,0.028251382028144135,0.04712231818412108,0.005539538933183674,0.023581746689916857,0.019387937408185837,0.008025346474626991,0.03789047141578881,0.015640473174220133,0.0,0.053130484193797116,0.03167039014014149,0.0,0.04128649485799718,0.010616835567519255,0.0,0.0,0.0,0.017661652843423373,0.018459498850742845,0.03648490932860716,0.0,0.07763161383461833,0.052672604657539424,0.05013985587135539,0.0,0.03934603666507503,0.040965562224390434,0.0,0.020788006961134455,0.0,0.0,0.0,0.003752605651965376,0.015192708588844167,0.0,0.025732829531895752,0.0442552231714938,0.003059925349077134,0.029778044583918962,0.013637251512585448,0.0,0.002578515310129843,0.023052256301403177,0.028633672098522796,0.0,0.031187433321030945,0.03884832435770863,0.0,0.0,0.0,0.07354388418347063,0.010651908064620299,0.009947988817138436,0.014987589531899036,0.009931268929534772,0.013474202357809053,0.018062218925144397,0.013209860698330148,0.0,0.0,0.005482668416665347,0.03142036482675591,0.0,0.0,0.017511043902721367,0.012140890902725455,0.0,0.0,0.03173665651790902,0.017138279011916394,0.02066754899155659,0.047255960137080916,0.014851588297719728,0.0,0.08731571049953653,0.04645216865631509,0.032719259339143325,0.015223062369564071,0.06557140732675747,0.0591260382227712,0.01716507539171742,0.018540599216841987,0.0,0.0,0.018476015066710955,0.0064533676400497526,0.0207597173154236,0.017392636099707454,0.029313170254760695,0.0,0.022410054181895064,0.048116163236191375,0.0,0.009760671768602765,0.0
Sig_16,0.032355352069113656,0.02846715767344065,0.03541854414218112,0.017116810534584193,0.002096091534732438,0.010576672606444215,0.040095864714264504,0.009520601606587565,0.0,0.02768700049291657,0.058798591159479295,0.04209120325667558,0.0,0.0,0.0,0.028039193904437345,0.006751846555869553,0.026967196869254747,0.0,0.020603591011202686,0.010555839816102907,0.010227671804024504,0.036480317149124336,0.04939117014105891,0.0,0.0,0.006556441144224158,0.008633722809895468,0.0,0.025019984901566386,0.022743293629263816,0.0,0.03807795262301655,0.0,0.016328931398990713,0.019546314013238784,0.22049893104372392,0.0,0.0,0.0,0.012790289867892529,0.0,0.005672292385575224,0.0,0.012902464120666656,0.003084754317791498,0.011417969606730147,0.0,0.0,0.019236876772887723,0.0,0.0,0.0,0.042937153610109295,0.00751903152088214,0.0,0.013283857685688,0.016643404957283926,0.0257953334717686,0.0,0.01754979162625351,0.0026440464378961475,0.03762580831525979,0.0,0.0,0.015507920710807378,0.018680814866961454,0.04557094618514419,0.06982741589007707,0.004885850717792589,0.02304901071440245,0.0,0.0,0.00690528361952897,0.0,0.0,0.07812096331068792,0.022758710207195762,0.02063529392490337,0.04005365584436045,0.009279735556266693,0.026778736376384168,0.018782960205206003,0.02145187083296492,0.04800860700936337,0.008835546289119795,0.0093245564936868,0.0,0.0,0.02610663677883977,0.013615051430693522,0.0,0.016001376533764277,0.0,0.048096298771145726,0.0205413670085268,0.0,0.05619151751845777,0.0,0.0,0.0,0.0,0.0072718436240803595,0.0,0.005317890238912073,0.03797932463848461,0.0,0.004904210113878092,0.013449981797577615,0.0,0.0071659034774887685,0.02100051942449275,0.0,0.0028847634713578887,0.0037507758763445868,0.0,0.02252697474057673,0.0,0.009435861524613131,0.029674865822772255,0.0,0.0,0.01823685406042793,0.0,0.007939157635525045,0.0,0.0,0.03106319748007066,0.0,0.00489559459859902,0.004875522819588517,0.011621715801171937,0.03253074868271618,0.20055673234984644,0.005508016154842503,0.009499225016018272,0.020587581316808858,0.007006522279817037,0.0,0.03570643819454296,0.03886387318187454,0.03553385858722721,0.0,0.0,0.06076282049562165,0.0,0.0,0.001711281472909254,0.020990021145482828,0.005022266159095183,0.015790004697453244,0.03478504810966375,0.03223254632965329,0.008294026844996083,0.0,0.0,0.09114423071421036,0.014870356244064617,0.008861244653680739,0.010443692215670824,0.0,0.0336304019778084,0.0,0.0,0.0,0.005300543227739142,0.0,0.0,0.0,0.06666445286011106,0.0,0.02162106396084075,0.002132286100715058,0.0,0.0,0.01310978661125813,0.0,0.03156174526116535,0.0,0.0,0.013143190455418003,0.017996264341089606,0.008283908450559855,0.02783890214157433,0.009907147613708953,0.010074828283974867,0.008975722945016633,0.024902280702070092,0.0,0.02336576734403444,0.0,0.014527190308232582,0.0,0.016872063672802907,0.007689197775400473,0.0,0.0,0.0,0.006210054209957596,0.05484218746573624,0.015044957288681847,0.0,0.0,0.015435716492930228,0.010937621177094388,0.0,0.0,0.014410472582413085,0.0,0.0,0.018285302524891894,0.022298188907597744,0.0,0.007733987513198211,0.030982554762754112,4.09037202895273e-16,0.016850396240117176,0.0,0.005715107551984392,0.0,0.011658445550786581,0.024628224345183178,0.012237438130909642,0.0,0.012691707033307327,0.043772403883498026,0.014430372374996824,0.0,0.03775478782387715,0.0,0.016920025643337895,0.0,0.005171973963271113,0.03059428644666264,0.012503331840625236,0.009040515480364813,0.022533448406663357,0.0064202482711929465,0.02282161434611903,0.0,0.017157048549357002,0.009667382850643377,0.007927159348195448,0.0,0.021921703232862723,0.0,0.010397436110036235,0.018409616315948066,0.03433885741188273,0.0,0.023301393595276464,0.0,0.0,0.0,0.017522484948537632,0.0027589167728337203,0.03674461802586562,0.0,0.0,0.0,0.0067914569464590235,0.0,0.007993726914641742,0.0,0.017249934474217368,0.00657474838315112,0.03578279017348475,0.007384884986810807,0.005700010378042916,0.013309125396712682,0.03737936819525151,0.0,0.01879980879150983,0.0,0.01295309731750054,0.006901226855850478,0.0,0.003553263920895261,0.0,0.0,0.003215986633307321,0.006917630652882795,0.00815427061767624,0.0,0.011734343431879813,0.0,0.014022958564661233,0.001846484280663393,0.015050666699211537,0.0,0.0,0.02311885458034424,0.006251837813555583,0.0,0.0,0.005572574196926906,0.03127221235052867,0.005599099184371355,0.0,0.0,0.0,0.0,0.00835792464042659,0.035535024024304036,0.015772290571884024,0.0,0.0,0.014844142009558234,0.01289116150447198,0.013431211680143745,0.007834559623658515,0.013866273613529781,0.00565341130295806,0.012462241670972957,0.0,0.0,0.1956548148673208,0.03469580546869868,0.0,0.005885731079531765,0.00921853199101601,0.026491685367891565,0.002018660007147257,0.0,0.00644972388510361,0.003645189461166994,0.0,0.0,0.0,0.0,0.030809644378106824,0.0,0.067756458659174,0.0,0.0,0.006364116404434435,0.0,0.04277224664061759,0.0,0.009321444434982814,0.0034809250532147206,0.05527289674090496,0.0,0.0066359815749090275,0.010662607601885067,0.012591492779755787,0.0,0.0,0.009285809798826856,0.0,0.0,0.013552995112582606,0.0,0.03687112263683392,0.026834567491358718,0.019489616223642866,0.0,0.015339275412456334,0.02644663895185239,0.01614522126629256,0.0,0.0,0.0061068868696310214,0.0,0.008051716132921655,0.0,0.02278672896062759,0.0,0.02164853472467567,0.0,0.0,0.051598875218795644,0.0,0.059473930040403425,0.0,0.005408113492693283,0.011505174982256746,0.012906609945108843,0.0,0.010933053737425572,0.0037815722400183728,0.0,0.0234491691697274,0.1633105719873428,0.025401650355892237,0.01697808102277547,0.016230006676904822,0.008533507532916502,0.0,0.0,0.0,0.0,0.0,0.03091453365378392,0.019692815554235753,0.0,0.039975526596727165,0.02526429787607738,0.008777608668966545,0.0,0.023882991025892565,0.0,0.0,0.0,0.0,0.0,0.010248402357970797,0.0,0.0,0.0,0.010219374238343782,0.04521177427963628,0.0,0.014244673665610795,0.0,0.028260303775652494,0.007669802025085243,0.0,0.0,0.0,0.4386315952268137,0.03397874017531767,0.0,0.0,0.029840916376099612,0.0,0.00867946709725094,0.0,0.0,0.00962225411320875,0.004614472837280511,0.0392855211362065,0.0,0.0,0.0,0.0,0.020964747934319836,0.0,0.0,0.0,0.008537588491719268,0.021077471156132233,1.04429388700793e-06,0.023031496521617328,0.029769529687994928,0.0,0.0,0.0,0.0,0.0,0.022326758996669544,0.0,0.008457122848009204,0.006473163778872249,0.0,0.008330882102836057,0.014215834020630012,0.06245202611800719,0.03592441740255723,0.017335073869130146,0.02398542105777446,0.013551289395180174,0.0045617347038017075,0.0,0.0,0.025881887631648465,0.0,0.0020721339734978434,0.00640002499342451,0.02097349632353052,0.0,0.0,0.001976562757684731,0.04206536064022888,0.027503105938063255,0.032233913575378394,0.014046817595384292,0.002795744187116555,0.01354964417006079,0.0033584897868906005,0.0,0.032447803890255436,0.05094897692619975,0.01985211579836542,0.013720636884786752,0.0,0.00575508333387825,0.0,0.023657946416462843,0.0,0.0,0.0,0.016190599625461516,0.0
Sig_17,0.015676556902114697,0.018086043470476404,0.0,0.0,0.0,0.0068152750856251935,1.3801456417382558e-07,0.0,0.0,0.0,0.0050656337276564324,0.0,0.0,0.008197832868535801,0.0,0.024674186410415182,0.0,0.012739313399280593,0.018256110048262386,0.005382539786103366,0.01633016262243099,0.028324326846902018,0.0,0.05296741345170634,0.015768759484652155,0.0,0.0,0.0017729673284979618,0.0,0.0,0.0,0.0,0.03678277023887529,0.0,0.0,0.03643655552978982,0.0,0.0,0.013867007689433662,0.0,0.0,0.018389731115043172,0.0071792074341727125,0.0,0.0,0.0,0.006487860929076684,0.017600553045722275,0.0,0.0071577243052338615,1.309214713886316e-09,0.0,0.03183528813392028,0.05487541808802183,0.026023887821244665,0.043544054347641074,0.0,0.020921732027337162,0.0,0.0,0.0,0.014003786246638016,0.01648378445463541,0.0,0.0,0.0,0.0,0.0,0.0,0.03712600446774239,0.0,0.0,0.008516669604729436,0.004295227285069381,0.0,0.03440290164733218,0.006654394723760748,0.0,0.021193910764945305,0.012588500975317092,0.04333155593395649,0.03668524861287395,0.008030014675819548,0.0,0.012984404268220975,0.0,0.09706184234213884,0.0,0.035732529012955136,0.0,0.0,0.0,0.005181311222738962,0.0,0.04475528101905149,0.0,0.0029762037353011596,0.0,0.0040590078110038,0.023176746677880992,0.0,0.0,0.004413054928575737,5.268510381715802e-12,0.017757887703145177,0.02720635622941848,0.0,0.040698788300046154,0.0,0.0,2.80700909002065e-09,0.003299212470773866,0.0,0.01061606583553839,0.007448738383932741,0.0,0.008455153206234592,0.0,7.205618490318002e-08,0.0,0.0,0.0872770238449333,0.0,0.0,0.03773489066667973,0.0,0.0,0.03132181551939355,0.0,0.016863709176869374,8.762880958956711e-12,0.006724857828806743,0.0,0.023822984434317546,0.007289856556098234,0.042766360674524544,0.08563476494550201,0.04164876420104948,0.0,1.9795624388414134e-07,0.039383424875443745,0.030397490997361023,0.0,0.025870351091452148,0.3012338592402657,0.015764449717341183,0.0,0.0,0.026568723094171874,0.01691937882531318,0.0,0.0,0.008782743551292226,0.006537483683953247,0.0,0.011870503449866567,0.0,0.03310346776997816,0.012093894492739322,0.0,0.0033104058855688736,0.0,0.0,0.0,0.0,0.0,0.028838464437799336,0.0,0.07010636639672253,0.05164461393076282,0.005991097410000915,5.27441285095967e-12,0.0020963104359465233,0.0,0.004385029686895582,0.0,0.0,0.015846920502215426,0.0,0.0,0.00809878113613782,0.00630704709513597,0.0330197935040227,0.0,0.06243194940129997,0.0084819968782555,2.8731673879698644e-06,0.06114852709640595,0.032996817364858114,0.013289912346239715,0.0,0.0,0.015162760033908393,0.02377381384139443,0.011166265021243484,0.052277631363787574,0.032952877740209774,0.0,0.01969868583808343,0.04033757730510198,0.0,0.0,0.0,0.01308585824760753,0.02409510898177786,0.0,0.014706794702172616,0.0,0.0,0.0,0.005380546267021064,0.008760339896114976,0.003789248397537776,0.05982287071056711,0.0,2.8400458770571804e-15,0.0,0.007416236180855374,0.0,0.05430927432806949,8.738439845296402e-06,0.008014765464926908,0.04271642673005551,0.0,0.011754449141188995,0.0,0.027082170404486995,0.011017786430022514,0.0,0.0,0.02297440854957552,0.0,0.013891399968984596,0.0,0.011797391237058313,0.0,0.0,0.0,0.017318799139609476,0.0,0.007330556497214198,0.005982968671613601,0.01482683499161401,0.014623670660135108,0.0,0.0,0.0,0.001944734049757984,0.02422733050923298,0.0,0.019496504354394407,0.0,2.5244232465660856e-11,0.028726576381267292,0.012337248005360662,0.0,0.008213845959633587,0.0,0.0,0.022362091191276537,0.0,0.029026960009535092,0.0,0.6067563912892887,0.003991315992036041,0.0,0.0,0.024156045865387114,0.0,0.0,0.08515538197605745,3.277070407738077e-08,0.017177717932916874,1.5632450040770732e-07,0.0,0.010649641214244138,0.0,0.0043275610917847505,0.0,0.0014076290158040812,0.00855669402192076,0.014126002900775795,0.04312624230503975,0.0,0.011901061539211376,0.010778014216453496,0.0,0.007323268602161902,0.011919588760347788,0.0,0.013810233217311261,0.0,0.010575700920200081,0.0,0.0,0.0,0.05391880806691226,0.0096767426021423,0.0117466148630737,0.01598414086902953,0.0,0.003985371720935843,0.0,0.0,0.027971688791927036,0.023141467850490132,0.07237871393845237,0.00032636271033077935,0.0,2.310699008141155e-12,0.0,0.0,0.005611938322408978,0.0,0.010196264097790966,0.01921880117112616,0.0,0.0010793683724801921,0.0,0.0120526134958027,0.07144810197022476,0.0,0.01189270600566408,0.0,0.016927797356748146,0.013050914056040735,0.0,0.0,0.0,0.00931774066119261,0.0,0.007252402703117425,0.06966355751436056,0.0,0.0,0.013331410063501697,0.0,0.01109064104121013,0.0,0.006436487356852621,0.0022358671192749054,0.0,0.0,0.005790185824654387,0.012779933541154073,0.0,0.0,0.03360230727694075,0.023098861685829343,0.0,0.0,0.0,0.0,0.0,0.04161554172714652,0.009923524371594139,0.0015470093206238495,0.0,0.0,0.0,0.0704262897893506,0.00889089940057756,0.007750134229414882,0.007991506215241685,6.9653503233636684e-15,0.0,0.009960822700004267,0.0,0.013877441362495612,0.0,0.0,0.0,0.0,0.0,0.0,0.0,0.01688067887670344,0.0,0.0010097085652106643,0.0,0.0,0.04194381258886767,0.008107406265603977,0.0,0.0,0.0025455660838200117,0.01379548409541816,0.0,0.0,0.026256406061247305,0.03872583558318001,0.0,0.0,0.0,0.0,0.07333958734978305,0.00745433190762255,0.0,0.0,0.0,0.0,0.010747458206161874,0.0,3.018921702792713e-10,0.0,1.2003809231723955e-08,1.3851349040628377e-08,0.017924375657818858,0.05532394908063186,0.0,0.010584453729151625,0.0,0.0,0.0,0.0,0.040193662746235516,0.0,0.0,0.0,0.0,0.0,0.0,0.021148916916669484,0.029409210376191326,0.0,0.0,0.0,0.05698605310398451,0.0,0.0,0.0,0.0,0.09329450031369935,0.0,0.0058560056047642405,0.0,0.012818177208526713,0.009097962968288454,0.0923960445916726,0.0,0.0033840702903119332,0.0,0.0,0.018878891521350506,0.0,0.019406805886098052,0.01805696076807214,0.0,0.02520097408935503,0.0,0.016439551093111345,0.0,0.008832504434906623,0.014376113693493342,0.0,0.0,0.013425935650071408,0.019491903970927288,0.027739072306068337,0.0,0.0,0.008378654555946812,0.0007718904289913173,0.0,0.0,0.0,0.0,0.0,0.021900169367366044,0.005893510160334804,0.09003965167344825,0.02132447608832961,0.0,0.025837513592803285,0.010396879702201262,0.0,0.010422446849647559,0.01128840260139492,0.01397574052324506,0.03690479769340134,0.0,0.0,0.010151598923030799,0.0,0.0031622855504486107,0.0,0.017505717491629165,0.0,0.0,0.02008490457919903,0.0,0.0187294195762072,0.03239102372047701,0.0
Sig_18,0.0,0.0,0.029726810951438018,0.008660684142033827,0.03256408325768567,0.014860496538765438,0.00065456777129013,0.017650386933505055,0.0,0.0,0.0,0.021450888398035797,0.0,0.0,0.03472104573096803,0.023389525614448983,0.0030050457739862414,0.039990716601450385,0.0,0.04078115414032348,0.06359569506742839,0.0,0.0,0.007437575389202877,0.0,0.0,0.0,0.039158400647524634,0.0,0.0,0.02650366453194477,0.0,0.010733020423324907,6.203732369343704e-12,0.0,0.0008316971025691148,0.0,0.01524049095510236,0.0,0.0,0.024120450864500945,0.0,0.03859487829841705,0.03369574372282879,0.0004894598796198803,0.0,0.012746882543711346,0.05375245041668474,0.004888651468671904,0.0,0.031913339058165575,0.0,0.0,9.851034856891048e-06,0.015445855748805158,0.04155343278957226,0.0,0.002340070992356642,0.03792494430063311,0.0,0.0,0.0048874553135060455,0.02082685874573742,0.0,0.04567355660288393,0.0034098910157866285,0.03181710964504015,0.0,0.04094990025726994,0.0,0.013100203696526517,0.09957620765289268,0.018364846795651497,0.02314463433235912,0.03886111993990782,0.02989745871592791,1.6419605138830832e-14,0.05154025658822867,0.025975848011111555,0.05220268519521919,0.012361676283438363,0.0,0.0,0.014557118199575766,0.011503868401180369,0.012506986265221525,0.0,0.0,0.0,0.012004107883904241,0.05358564511254827,0.0,0.05739185652188342,0.0618402784116084,0.0,0.026554211790418135,0.030336362954001807,0.0,0.00042660530157232396,0.0,0.04482640001976421,0.026771801246014304,0.0,0.0,0.007618051347380666,0.0,0.0,0.026932739004680094,0.0317135666710537,0.0,0.03729800554959815,0.01273617803958991,0.06483477848193986,0.013984793108561284,0.0,0.0,0.0,0.0,0.007258958134859503,0.0558633762802552,0.03437038690773157,0.01234997695941404,0.0,0.05767428341109893,0.0,0.0034756030780554023,0.0,0.0,0.015585369343494228,0.029045266749560938,0.0,0.02648947322223783,0.01829793027647919,0.0,9.075667279517133e-11,0.0,0.0315564626704023,0.10937522245464489,0.015891964024610582,1.4695983005066405e-05,0.0,0.0,0.0,0.02575821061009768,0.0,0.041131503712966096,0.01737696685273223,0.0019512312972181354,0.0030485623983079937,0.08767303574707801,0.1020888922562313,0.055620333244564966,0.039723834900440486,0.0,0.0,0.0,0.0,0.011918950635019866,0.06679583426418324,0.09233377393590295,1.4982638502041964e-15,0.01754601206502629,0.0,0.0,0.019329519138040898,0.060361152272357006,0.0,0.0,0.02588204903351351,0.0,0.0,0.0,0.004443250353186046,0.0,0.014960848942491606,0.0,0.0,0.0,0.0,0.13323664268522742,0.004732094301560746,0.02567784456716813,0.022910159995538353,0.06421437247633252,0.013548912248414714,0.0044747168387423005,0.016159961152175193,0.0,0.06328175726614317,0.00890647395982452,0.16887679961626514,0.031420197403127,0.0004119775257104251,0.025279335055300715,0.129068469005817,0.0,0.038607763662727175,9.818543558264814e-09,0.02298291803839462,0.0,0.022997220371590882,0.0,0.0,0.0,0.0,0.059745655644630025,0.0,0.03705714404810252,0.0,0.0,0.05006952536213375,0.0,0.011527346997657973,0.0,6.058912044554244e-10,0.015353354151654702,0.036910981531063515,0.02377250411461315,0.0,0.004874547231044096,0.001450630714363459,0.019145679665373543,1.2725662641041283e-07,0.0,0.0,0.0,0.0,0.007245099480970829,0.0,0.006978336776703814,0.0,0.0,0.020501558626855314,0.0,0.0,0.003789767743835908,0.0,0.024973058019940018,9.295088567876272e-05,0.0,0.0,0.023930692474763787,7.071493351753886e-10,0.05082573197082342,0.0045561750590368336,0.038159297853652095,0.048120191451766645,0.01715717452118157,0.002916675919845655,0.008928992118025862,0.05395447811901581,0.0,0.0,0.0,0.0,0.007389637037320988,0.06047966741603784,0.018038527045519292,0.09046072095419783,0.06992010960058555,0.00609236589073895,0.03881230555441695,0.034460132657760205,0.0,0.0,0.07147544256593549,0.0,0.008527165512575268,0.0,0.0323414699877043,0.0,0.0,0.023383854920993898,0.0,0.0,0.0043947120884125414,0.0,0.023531126425338715,0.03592279580243656,0.0,0.009794485086793743,0.031967523609982354,2.9128202156587113e-06,0.011652334204994015,1.5286364694431817e-06,0.0257055837559507,0.019065014853664308,0.0,0.018473515712477292,0.0,0.02083787062417692,0.0,0.0,0.005242361488734288,0.0,0.040769243794386525,0.0,3.1499227031663615e-05,0.0,0.006197793096417061,0.0181532681104873,0.008665284248800522,0.0,0.030405617373903227,0.015262494811301267,0.052873263491151845,0.012934261358224555,0.0,0.0,0.04564358730866627,0.05056260279808731,0.038555066888730304,4.640864049676978e-05,0.018420827413371428,0.012406501439703317,1.7687327691762998e-12,0.0,0.02952537320185171,0.0,0.01679656491220917,0.009541594320106393,0.0,0.028910932614431027,0.09341398999377433,0.01044177385858687,0.008731555850304516,0.08430554058740797,0.0,0.0,0.032310183296759803,8.205375499708478e-07,1.1922247742809399e-09,0.020337766950702302,0.029140398526078547,0.05150969551386721,0.0673947940905815,0.0,0.0865581429103005,0.0,0.023463332934805833,0.0014667242413862658,0.0,0.0,1.237491942186002e-08,0.02925907442013141,0.028975614675188204,0.0,0.032730997719817925,0.021554242249120874,0.0,0.040361453158042404,0.029332809960250533,0.0,0.06993412420169672,0.0,0.013795829557891682,0.06787325011168373,0.0,0.005319403949970887,0.0,0.03239469351107247,0.03639605845911965,0.00652299285382467,0.008404279800278063,0.007571102182213506,0.027468122688459683,0.0,0.022071786499908784,0.0,0.038037276296975335,1.9203037189026262e-10,0.047444041432204764,0.016103114613518803,0.0,8.253683803472972e-16,0.014230020359513103,0.0,0.009397590500718584,7.057596701154324e-06,3.9853520602541065e-14,0.009665069574562916,0.007522142520790452,0.0,0.01600378745524655,0.018067275437130034,0.11030201413224566,0.03990440839241025,0.0,5.1807085037149615e-14,0.0,0.02388627752174028,0.008069205399657131,0.0013662553389551552,0.07368109483972558,0.0,0.0,0.042570865869699645,0.0,7.994777594832427e-06,0.10132148266005891,0.009592064677973149,0.024388306313502684,0.003972278935763701,0.0,0.03522575951715204,0.0,0.0,0.0,0.0,0.0026171560002512476,0.03543509941749768,0.03170580471621956,0.022119365107045565,0.0,0.0,0.029580002016566423,0.032599637150459694,0.03779129649070946,0.038689062899329385,0.00948577532606301,0.0,0.03703611778571167,0.05578438861047809,0.0,0.03659619633801031,9.606081266775701e-05,0.08127716830633731,0.0,0.0,0.0266013817184482,0.006736696838493035,1.5854749350608595e-07,0.0,0.005844901525933974,0.0,0.025528487617570546,0.05079992489823005,0.08401025077126073,0.012715200134071571,0.0,0.021141072587635836,0.008221054852438195,0.0,0.013688035902916649,0.03938953605583341,0.02196206763769395,0.03173096903514221,0.0,0.010280638326059546,0.0,0.01051351593218903,0.08374122714388624,0.08163122007332489,0.0033802921111041845,0.00896299793260985,0.018014643913796164,0.007289211281055721,1.1996405547144565e-13,0.0405978908831526,2.4987684518268787e-16,0.0,0.0,0.017938663104136287,0.0,0.023399763103403814,0.07410282334223148,0.0,0.010711161051914093,0.012075393640902599,0.00482424616604629,0.0,0.004432807884541643,0.0,0.0,0.009388150166907545,0.0395882157246449,0.019536071152373685,0.0031071687999763486,0.03334177700883564,0.03353110250788572,0.01336744416473863,0.0,0.0,0.0,5.759462702051929e-13,0.014268564822641853,0.0,0.01112637865860951,0.05318243230154214,0.00019864842179169253,0.0,0.0,0.02295406302569742,0.030899400378835526
Sig_19,0.0,0.008975476863834335,0.029623995466740174,0.03159491618777721,0.0050553211305547985,0.018145031522287535,0.0,0.0020049711168687073,0.01010719797740396,0.016306785330454036,0.027824716976345348,0.0,0.0,1.5899815842657967e-13,0.0,0.03313968298221369,0.0180098670472544,0.0,0.007988833334803176,0.0,0.026712322190624246,0.048166453616533406,0.0,0.01679850204034468,0.025716151316110786,1.1899879067574015e-07,0.06367095639628499,0.021475625096191046,0.0,0.0,0.013680479188331391,0.08308998089311725,0.002349870757765259,0.011282358676391718,0.03918973815855464,0.031663988439801206,0.0,0.01745353027608416,0.012140518899852428,0.02201752994396251,0.0026844525247742184,0.0,0.03499120253094671,0.0,0.0,0.0,0.01633653257693654,0.04705899985651864,0.0486792290941538,0.03510944534824414,0.023649572227469752,0.0,0.1385913108519112,0.0,0.03149132125176174,0.04753826689082751,0.028457238411334636,0.019955401251985028,0.014317522522598292,0.0,0.0025513824647116104,0.0013900154745939476,0.023489853635457074,0.07115154771002112,0.0,0.012402278861393818,0.0,1.7438288850810311e-07,0.03235423868201967,0.0,0.022722548388675094,0.0,0.0785309086276714,0.014131682754129177,0.006115275218550437,0.0031961003673289918,0.03566691394200468,0.042198580660398013,0.013387721141485237,0.0,0.019950628362862172,0.0,0.0,0.01597262708520082,0.06349454580948904,0.0,0.02401478255768796,0.03745387772593917,0.0,0.0,0.017833483209476773,0.0,0.02573963293226985,0.014405233971174426,0.02424710190927438,0.0,0.012569341756298147,0.009625165711523994,0.006804917493770008,1.536055480806218e-05,0.013768040568815441,0.05988199345639678,0.0,0.0,0.011503808578670335,0.0,0.0,0.031015678606052033,0.01927850518330419,0.04771374494025345,0.02108060102063868,0.02629660774925579,0.0,0.023005355318977048,0.004114724490527409,0.0,0.0255440681728229,0.006411780661792406,0.03627823603705115,0.0,0.0,0.08717514021515557,0.0,0.0708184051365228,0.0,0.014266259536759035,0.06298933812969891,0.0,0.0,0.025324388847807598,0.00522763530373036,0.025321002307411033,0.03304500014412263,0.0,0.0,0.02749096143104421,0.0,0.0,0.0,0.03261745118491307,0.0,0.01632754347392052,0.0,0.0,0.0,0.009675951674136969,7.368397136389483e-12,0.008398525059672708,0.02295474115783291,0.0,0.0,0.0,0.0,0.0,0.012000808150961733,1.572739995709278e-05,0.0,0.0,0.03663008571711331,0.06949247749475859,0.009454932742504371,0.0,0.0,0.0,0.008372433879730485,0.01651221723434428,0.0025257776921148957,0.0,0.01779194666282667,0.01976910796932722,0.0,0.0,0.0074160223943115075,0.0,0.0019914797717165682,0.007910008439374595,0.0,0.0,0.07249388346309835,0.02542924198756011,0.02238598180097511,0.0,0.01574886913057821,0.0,0.02440453749846593,0.015222205678841843,0.025758270018665617,0.0,0.021224069150371352,0.02470620823141923,0.0,0.0163586724032552,0.019252892346062818,0.0,0.0,0.014874282646409017,0.025789817842032887,0.0,0.011716443999146564,0.004901221705075858,1.1630656631495188e-11,0.0,0.34534319637045197,0.01702026990220046,0.0006282641928896369,0.0,0.017230331550494485,0.02409419900575552,0.0,0.0,0.02091411885768043,0.03830618511072837,0.012106680343295173,0.0,0.01919814342343526,0.05688383756836506,0.0,0.02193416297620089,1.8179626036463846e-05,0.0,0.006701032991706042,0.0,0.006757838464721142,0.0,0.014948104237066663,0.009362253836988643,0.0,0.004755788718537443,0.0,0.0,0.04394966408406627,0.035558157487939356,0.007380428998204572,0.010820354523921634,0.08109944677209321,0.0,0.014226415248280989,0.050732847743503506,0.013474183627958073,0.0,0.004718605327579233,0.01620782622923234,0.0,0.0,0.0,0.0,0.011516473048619994,0.0,0.026033268495302665,0.06260331749657791,0.01220054734706903,0.0,0.0011928156547239947,0.0,0.04013903357302128,0.00213335502646568,0.0,0.010359519683071453,0.0,0.013735709659919248,0.014370276856028532,0.043564219736151884,0.01536806983265197,0.0,0.033968091465756085,0.014690396576932581,0.2306639676610257,2.00580796176413e-06,0.023079406371233287,0.0017175370343457778,0.0,0.0,0.02726038098034644,0.04532363428189084,0.010168716012889108,0.03838191765813976,0.017670463707470184,0.012395176253546815,0.07095722156049508,0.008925975848441183,8.81922075365445e-05,0.016502500503718192,0.0,0.01158363311704827,0.0,9.547614241067347e-05,0.0,0.010581755496731024,0.05625751601836869,0.0,0.03232406780558477,0.017099611427391494,0.04022399647190512,0.009947533998569052,0.0,0.020656678747992492,0.0,0.03635442995272553,0.03464560419044305,0.02235160764713394,0.0,3.7086883875696804e-14,0.0,0.03841293505608769,0.0,0.005000520622152167,0.01357797151356804,0.0,0.021890477036219914,0.011893537122087489,0.02298734595640456,0.00246847989086715,0.0,0.0,0.0,0.025435621691122953,0.0,0.014370568244047602,0.0,0.022408907966858155,0.0,0.029123039369684103,0.02749022392336936,0.0,0.025657085393291798,0.004324793410795264,0.027624531657551167,0.0,0.01098929056227303,0.0,0.0247235272746647,0.006096083569620639,0.0,0.014164332655065635,0.0,0.022423513441875546,0.0,0.002517006262443358,0.0,0.01454145493500067,0.0015711898597926684,0.028687719272522845,0.015329227373615518,0.00905112978347816,0.04785800287404453,0.03624100983029524,0.02052238797277756,0.038429849385084834,0.062462696345887976,0.0,0.012459314232327245,0.0,0.0,0.0,0.01723471386641639,0.0943624317289148,0.026303799880400165,0.019742542726796264,0.030996567997968544,0.010217825194352527,0.01586613421680329,0.04872106404377138,0.05808992954488584,0.0,0.019198678345161684,0.025039763432818468,0.0,0.008585518498010434,0.0,0.0,0.027348541997791544,0.0,0.0,0.0,0.0,0.0128835515012586,0.006041246809421404,0.01772203979332904,0.0,0.0,1.2620097528100026e-14,0.007374004282776516,0.0577453392979327,0.0,0.0,0.029115284485299098,0.019232652329311123,0.03062985250769363,0.011523935047685393,0.1776403820655894,8.006129301818362e-10,0.0,0.04460821355390418,0.07434320246877635,0.0,0.0,7.211607004141689e-16,0.0,0.01846186690171266,0.0,0.006137472511830449,0.0,0.04265631169563469,0.0,0.030556496180490812,0.0341111268481309,0.01152779725530085,0.0,0.02151800203654643,0.0,0.0,0.044658983112892174,0.0,0.0,0.0,0.002164323875156972,0.027988751301440084,0.06221013131521148,0.004846506304429893,0.014827396070042569,0.0,0.0,0.026565826520749743,0.0,0.019526312392622,0.004869143851196335,0.0,0.0,0.0,0.02603225228597345,0.0,0.010496861252509086,0.0,0.0,0.0075323555410030585,0.13444624642643613,0.054692099060504644,0.0,0.0,0.020154365310607093,0.02041336868020506,0.020090528024530322,0.027385473781681217,0.0,0.0884575507363085,0.026226048981270022,0.01822499388687391,0.0,0.0,0.005610531769808552,0.02353385083549961,0.011734201007998086,3.034996523028266e-11,0.007966208873610804,0.02788082331794913,0.022767542940876562,0.009330519911612328,0.03970301665798962,0.019901317006285325,0.04173130047811818,0.026197001189564764,0.03367523015199027,0.044838067853282315,0.025004229299194745,0.0,0.08357610997702704,0.0,0.00517660771001468,0.02901984403838966,0.010876952639266866,0.0328654007484748,0.0,0.0,0.01822973783962777,0.0397083290889699,0.0,0.018580143123125722,0.03701832175935506,0.03621858605111471,0.025520462391458526,0.009663135107567193,0.0,0.0,0.04362139074838186,0.008086885800363645,0.1505111910267106,0.050049166640807705,0.030640542512266642,0.04023590953679907,0.0,0.016907348425669984,0.016444914078262478,0.042401508730870445,0.0
Sig_20,0.0,0.0,0.01182931361113419,0.017538523515260206,0.002402291793469697,0.019156995906575422,0.006043220415420439,0.0,0.0032509978949739502,0.0,0.04275484479030538,0.03304576843449617,0.05395875104207606,0.012910784262801595,0.03686855571928947,0.007314814134226268,0.014347190939294173,0.0,0.037999760207569115,0.02403243039998529,0.0,0.029774256247966726,0.006437762842897228,0.0,0.03753809616885431,0.021800145012079143,0.05891047050250983,0.033675265227734424,0.0,0.009726007818926675,0.011710964880039159,0.0,0.031807984978650714,0.011341043604683588,0.04254524736031486,0.017412070029086093,0.0,0.013024526113600022,0.0,0.0,0.0,0.0,0.04075090982651671,0.010265544075466156,0.0,0.0,0.004898136585570291,0.0,0.012709757315759419,0.0,0.0,0.0,0.0,0.021188157162181188,0.02251244364924557,0.0,0.001254400963793752,0.0,0.0,0.0,0.0,0.0,0.0,0.0,0.04450005281849064,0.014541694563005143,0.021643822949834614,0.009168009783172098,0.0,0.0478220054205158,0.022449066612851287,0.0,0.0,0.0263835636623237,0.031499627019411815,0.026671421343027774,0.03825523691073232,0.039730410000400056,0.0,0.022518824252342164,0.0,0.055908115808542706,0.0044343797990893516,0.003382086109730632,0.0,0.005310128618458272,0.0,0.020242632004230356,0.012877438759002099,0.0,0.013052911667748272,0.026157214671690625,0.029166423539069685,4.385937331702683e-12,0.011110406937676986,0.0033145122149014945,0.0,0.0323575849170672,0.023295890199356132,0.004011351661027873,0.032539548032321355,0.016755146068868944,0.007086904354087013,0.011386758159928432,0.019950740160865205,0.0,0.0,0.03631983681108291,0.014889519754645324,0.0,0.0,0.0368366696876739,0.022860241291721064,0.024937747427223364,0.015146800206339026,0.007787811270702255,0.017239243206533306,0.00976199711664473,0.028202437559763947,0.024121977909834707,0.0,0.035401629321307235,0.008549074208484263,0.02225739239539299,0.0066606103146284274,0.0,0.0,0.01988343144818889,0.0,0.020340320156620236,0.0009473123598125504,0.02887214194044621,0.011751139573950386,0.02659228264178796,0.0,0.014840158187428227,0.0,0.0,0.0,0.02384564592961181,0.0,0.051323279198765975,0.032592864561155524,0.0,0.03433399320396236,0.055804461726999974,0.012863475335621556,0.0,0.005852621359871704,0.0,0.0,0.04637694466885879,0.015445384771404821,0.013800687292584407,0.00910602255248069,0.0,0.0,0.0398661649229676,0.02816226623625447,0.0,0.009168101185478728,0.0,0.12684668793561188,0.0,0.0,0.02427624747028301,0.003810029675445055,0.007175719273811394,0.05684204379186902,0.010645631733305145,0.032343954597266036,0.0,0.005915209066806453,0.0,0.00305855116818221,0.013192468375438401,0.03186131686187976,0.06096706969680253,0.0,0.17664382001798537,0.0051419677817741176,0.01605712603310541,0.012659232749895792,0.020075850356623594,0.006712913828326155,0.018485938307008808,0.004477833259768516,0.0,0.014897392942725409,0.005951353458752906,0.0,0.0,0.014311103595364957,0.0,0.0,0.015241488276320948,0.016088260481058082,0.0,0.02507376112448856,0.022761827491863375,0.0,0.0,0.0,0.0,0.004107450371937549,0.0,0.01356543355465876,0.014305575257780825,0.0,0.008742721076923629,0.010849156958814355,2.30510694534513e-07,0.009875154146107736,0.01198935097409462,0.016757918916714597,0.0,0.01688568276620786,0.015803759746768255,0.0,0.030691225055780237,0.0,0.02671890300694025,0.016791210263224016,0.0,0.010842782227451683,0.02463208090063718,0.01751697585542518,0.03344201531986746,0.06476089728099539,0.0,0.023057583212588294,0.0,0.014326805378532172,0.06942996348505023,0.0,0.014836642972343102,0.003086326883483671,0.006099030906432885,0.015537528622749232,0.17731966823265446,0.00509134479620173,0.027257068503304765,0.013622353684522769,0.0,0.005444904912945052,0.004620609550696614,0.0,0.0,0.027106644496284745,0.005679701396173237,0.012837495462086141,0.0,0.04197171760766103,0.0,0.02725593182250238,0.00662548654843225,0.03512504022596696,0.0,0.0,0.03323372177964423,0.0,0.06194156009409901,0.0016725068114435858,0.0,0.010538243469148343,0.0,0.02431765305613182,0.02378769981081116,0.022453723092894846,0.026864206991220274,0.012658774723339764,0.011039023139505437,0.02138749825341869,0.015154297066202282,0.0,0.019875814863672153,0.01085865818172238,0.021462375028395594,0.05307595411604721,0.0,0.0,0.006002315318501154,0.017821676474181557,0.00918019612974436,0.028512749757409212,0.005073190660713245,0.0,0.0,0.025044831360743564,0.0,0.01626679899429558,0.011508652138560158,0.003102519315847189,0.0,0.00869475319540056,0.008016164693328406,0.0,0.013732414647492412,0.0,0.0034397310263431257,0.010529853418888761,0.0032685446262950015,0.0,0.0058207680167266795,0.006402300010425805,0.039438296771348684,0.023467195590796092,0.0,0.0037038981804855095,0.0,0.027651957460057684,0.01966845715671247,0.0,0.0058721390275274015,0.01958688534378471,0.009221250622149013,0.0,0.005169231180424925,0.0,0.02154125783168385,0.03765562666798478,0.07677781868079306,0.027061384160444717,0.0,0.015902604030696363,0.0,0.0,0.0,0.005556878895846771,0.023289037571597948,0.003478364306230509,0.008531857621275951,0.0,0.0,0.0,0.016410215877257456,0.020691023144490114,0.0,0.0,0.015264484516615525,0.003101217101291405,0.0,0.0,0.02520767970711068,0.012068944395979754,0.026429293840992307,0.0,0.018761629066303815,0.0,0.0,0.0241200449452286,0.011293073643736003,0.3890623002279081,0.015229996316080503,0.0,0.005621374019720452,0.004818367484095645,0.006267458345466877,0.0,0.0,0.0,0.006706233825719967,0.014599939312734988,0.0,0.01635147416970086,0.0,0.0,0.020537535860148684,0.0,0.0,0.0,0.0,0.0,0.0,0.0,0.0,0.016041032165754452,0.04110780086016117,0.0,0.021815337659081942,0.007318140914520278,0.03740982034629594,0.006861341568254955,0.010589190225524755,0.0,0.0,0.009523592517646133,0.01053729137052155,0.007323840909891263,0.0,0.031721062250452174,0.0,0.015331468250328249,0.008110933338575602,0.0,0.0,0.0,0.046229765563882995,0.021777630276434836,0.013477380234892816,0.018873753146340117,0.034763221475983146,0.009474933723895122,0.0,0.0,0.0,0.0,0.0,0.0,0.0034720488223214654,0.015359118854380219,0.011940798497503884,0.0046001545591973165,0.0,0.0,0.007838444433298243,0.037671793190168855,0.002846326868622529,0.0,0.0,0.03541043037136216,0.0,0.0,0.008079323591544106,0.03672360477620558,0.0,0.018218684679697096,0.0,0.0,0.01846095728411834,0.008458553147960885,0.01268169167856591,0.014424652365042845,0.0,0.0,0.0,0.003725659013616285,0.015298795655997666,0.0071824139477619595,0.008583978301054583,0.0,0.009805272876533207,0.0,0.004712644820299861,0.03161807055676548,0.028804012802842473,0.040333095611089186,0.0,0.0,0.0,0.0029373195234698637,0.04128805000803905,0.014350364485762223,0.01352078572855674,0.0,0.018117890780863004,0.02350827756065327,0.019077234124814622,0.019950837249221583,0.024227649684002043,0.012430317149409916,0.13294761157280224,0.019722271270541554,0.0,0.0026248357013169427,0.0,0.0,0.003150062018588046,0.005660514127420471,0.02089223631903805,0.025403512777698707,0.0,0.0015476284805929275,0.020626220782153645,0.022200228946283224,0.011909280333796162,0.04252034320987825,0.029870384392430324,0.019912758882095503,0.013469685779482333,0.007926876158129419,0.0,0.0,0.0,0.0069086068183101534,0.040097163889870925,0.0,0.03839991690252209,0.0,0.024027690840314548,0.0,0.08960492952298711,0.0,0.0
Sig_21,0.0,0.0,0.04563994941478218,0.008478507055310811,0.01636239251945759,0.012331046316714467,0.03352818381562678,0.023785523061388484,0.0,0.0,0.053037507696924016,0.012161284186087936,0.0,0.04932678983155141,0.0,0.029677567394829824,0.006188816966155432,0.08894729274709076,0.013638100940600681,0.00958878081568787,0.0,0.04059406607205602,0.01521256489719772,0.0,0.0,0.0,0.011269262543467466,0.00768188069879757,0.0,0.0422820461964764,0.0,0.0,0.03630273981926994,0.03199569413309077,0.021435502111378416,0.0,0.0,6.521003953678345e-14,0.015976164209444588,0.0,0.0,0.0,0.0036937944974004123,0.0,0.0,0.009985202250597531,0.004361800152164169,0.0,0.0,0.0,0.0,0.0,0.05114485176203991,0.0,0.005566636377346738,0.0,0.0,0.0,0.0,0.0,0.019212493350380843,0.0,0.0,0.060741582338015326,0.0,0.05704180982718607,0.0,0.04151795677501937,0.030858301874535844,0.0,0.00518476679614722,0.0,0.0,0.003161770493523964,0.007811702323771487,0.0,0.03719567784247037,0.0,0.0,0.0,0.0,1.39591552693456e-15,0.0,0.0,0.01931897200047516,0.0,0.0,0.0,0.0,0.0,0.0,0.0,0.0,0.0,0.0,0.025413484890009237,0.04012490396325703,0.0,0.004953908410285174,0.03621403086496298,0.00021512474675398037,1.3163858663854354e-08,0.0,0.0,7.997523119666966e-07,0.03243084298136177,0.0,0.0,0.0,0.0,0.019458837683183437,0.006802193327963736,0.06987216195437909,0.012244686084729844,0.028136596210062523,0.0,0.0,0.0,0.01177393675529691,0.023548507940097607,0.0,0.0,0.0,0.0,0.0,0.005214542442929705,0.0,0.0,0.0,0.014299683895991795,0.005798672080514055,0.0,0.051077094987081226,0.0,0.014924593790730236,0.0,0.0,0.0,0.0,0.05687900183473018,0.0,0.09445572560970074,0.2207093038932146,0.0,0.0,0.02170458697503595,0.020374745279915066,0.0,0.0,0.0,0.06644494168832217,0.0,0.0,0.0,0.0,0.12949597729203086,0.0,7.044906683989211e-10,0.0,0.0,0.00526055209285345,0.0,0.0,0.0,0.08731278827435437,0.024832070772054946,0.0,2.768758486659057e-13,0.0,0.0638423010006512,0.0,0.009058435801385639,0.0,0.0,0.023126316725295137,0.004057653050473302,0.2245199163659622,0.07858391676558703,0.0,0.0,0.0,0.007918747243292733,0.02529876408891074,0.0,0.05571732619662797,0.010054783781729628,0.0,0.0,0.0,0.0,0.0,0.0,0.017296002710636152,0.03686234072137469,0.0,0.01961133273152267,0.00031225785673528604,0.0,0.012306415864577744,0.022731999267625647,0.05511209392213137,0.0,0.0,0.0,0.024172636373700138,0.0,0.02030806573789402,0.0,0.17541389365074755,0.0,0.051627578598415984,2.3091066694199447e-08,0.02236842017369416,0.0140127265618555,0.026225713566646214,0.0,0.008662707921925144,0.02240868692684588,0.013023706148251584,0.0,0.0,0.02058881782411259,0.0,0.0,0.0,0.0,0.06799253101322104,0.011778681492559746,0.0,0.0,0.0,0.0,0.040305588284834486,0.04612644060302185,0.0,0.0,0.010495607486489,0.03935220460475267,0.06589752606499025,0.16317186363065153,0.03805489002711167,0.049598475800009735,0.023181264964539854,0.0,0.04226938078499431,0.024896659937966022,8.536238910996046e-11,0.0,6.325022430860263e-14,0.02792881045346712,0.0,0.02131193811782991,0.012348861541769783,0.0,0.0,0.012031630762901492,0.0,2.0166444732470307e-14,0.0,0.0,0.05026369723049844,0.0,0.0,0.0,0.020644824994974102,0.0,0.0,0.05440477342737697,0.03999050426598597,0.009199274613901472,0.0,0.0,0.016092761423524823,0.0,0.0,0.0016602956984871464,0.04164348623996271,0.008928387767834601,0.06182453995198187,0.0,0.06896228986311498,0.0,0.039791355828649504,0.023178552126323804,0.0,0.09129009288554799,0.08266024465219324,0.0,0.036204464959933055,0.0,0.03044815431074854,0.0,0.008043756285837035,0.0,0.0,0.08243774634155791,1.4485182863707417e-08,0.0,0.036852397328159155,0.017200579037312397,0.10567943995793219,0.003685984337897956,0.0,0.0,0.07618790377929309,0.00915135794948134,0.02922932247132679,0.08480040109297349,0.0,0.0,0.0,0.010199140019270046,0.0,0.0,0.023196409938886307,0.0,0.0,0.0,0.0,0.009504766372251073,0.0,0.0,0.0,0.023136124734528377,0.009724642758454279,0.018465856827221575,0.0,0.0,0.0,0.0,0.0,0.010428415237027117,0.06584304581161735,0.0,0.0,0.0,0.0,0.11147711819133412,0.0,0.004643643992997643,0.0055960566099343715,0.07502221972384747,0.0,0.038017516301395896,0.0,0.027364926371093546,0.0,0.0,0.0,0.0,0.0,0.04231925918297683,0.0,0.04695446438355647,0.01793254835043576,0.07941175258174032,0.0,0.01638427305116209,0.021348063793006872,0.0,0.02883059984162801,0.0,2.0709693761854824e-08,0.0,0.02259845663482503,0.0,0.03474011942437227,0.016637897231738346,0.03141904593021883,0.15415034285800083,0.0,0.0,0.012632721272597257,0.0,0.0,0.013251453056623334,0.0,0.023405309027596046,0.04478975745930982,0.0,0.027013791966056824,0.050316837394305786,0.0,0.0,0.06679225220743867,0.0,0.006982883187441794,0.005523712204617423,0.002226746972254754,0.0,0.0,0.021983422824679758,0.009859376426678125,0.0,0.0,0.0,0.03878798386368058,0.03459577360762186,0.0,0.0,0.0,6.659772784053026e-11,0.0,0.0,0.0,0.0161669537194642,0.0,0.0,0.01911879765554774,0.023487355573948425,0.031635871227852067,0.014130762427621336,0.01339251543690481,0.011006206198178298,0.1435204842285715,0.010486901387113758,2.3715143889625913e-15,0.0,0.04724703554351835,0.0,0.0,0.052242783414565994,0.0,0.027563581532668212,0.0,0.0,0.14091951976067338,0.0,0.0,0.04211941382476765,0.0,0.048455021019617836,0.0007510262325113164,0.0,0.0,0.014795745280233846,0.006857205750050193,0.0,0.03546917721320163,0.0,0.025472761117775772,0.0,0.0,0.03489246638858085,0.014415785004712517,0.0,0.0,0.0,0.03923846538223589,0.0,0.037470859182148666,0.0,0.0,0.02053157531321924,0.0,0.0042243001394833895,0.007124831307074465,0.01561514886864236,0.0,0.0,0.0,0.026991175354296293,0.023943228871126338,0.0,0.0,0.06018495601127241,0.0,0.019004995801448793,0.00991338642881101,0.01617781918191645,0.0,0.0,0.003410962974976649,0.08398246773094895,0.04409443782511786,0.027434830859134868,0.02826882113352843,0.014179073121386157,0.006723121456155928,0.0163560495839924,0.012730885905938146,0.050819809394008396,0.0,0.008575506218624216,1.3328665129101047e-11,0.0,0.0,0.0,0.00014738383251613804,0.029647652008728785,2.315303081311163e-09,0.0,0.004302255911835712,0.0
Sig_22,0.007829731575942562,0.023981974919482205,0.025318671118467303,0.005897211793086357,0.01801779082115814,0.009474715263159466,0.0,0.0,0.0,1.7487267787624868e-08,0.010789224830911985,0.0,0.0,0.0,0.0,0.0,0.006504934897048937,0.0,0.006974653491938512,0.028582107612133867,6.8359110107200885e-16,0.0,0.0,0.0,0.0,0.0,0.032847766941207224,0.02097127256611639,0.0,0.0,0.0,0.0,0.0550641371505147,0.002971877510520022,0.06139432409551584,0.01577305449024863,0.0,0.027875338254640506,0.0,0.0,0.009164308511158186,0.0,0.018464046131264768,0.0,0.016480012809282213,0.009923235422865755,0.023403500732847797,0.030844718200427904,0.0373111956001197,0.0,0.01868087165820532,0.0,0.0,0.018689277666296567,0.016717941262763793,0.0,0.05334641425224246,0.02043296563183875,0.02323159091658005,0.0,0.02485580091662135,0.02317751814851313,0.025853848183776028,0.0,0.0,0.011280495688589283,0.02978794984861669,0.05276624964607464,0.01334015337288637,0.0,0.022303085681619154,0.0,0.06276815149718493,0.014227878880145595,0.0,0.02476319118303671,0.0,0.08117207618209168,0.0,0.12377512162263239,0.0,0.0,0.00860956763415094,0.0,0.05198726260233172,0.007398356048721709,0.025213552085173143,0.0,0.018415748914953595,0.0,0.03061269394329177,0.00913473180709839,0.014522270500682308,0.0,0.012041570375619164,0.029158999425007597,2.110672030107579e-15,0.0,0.0,0.0,0.0057821165799334506,0.03894670113463577,0.0,0.0,0.005558395732609242,0.021344855184464356,0.04116882847518091,0.02796020285644798,0.0,0.0,0.01656452518367625,0.018984877361863627,0.022689688549609423,0.004209923744480153,0.045329352668399284,0.008956473610859935,0.0,0.0,0.0,0.0,0.0,0.0,0.0,0.0,0.0,0.0,0.0,0.013539006527409825,0.0,0.0,0.0,0.014335263142508827,0.0,0.0,0.06119624042790897,0.0,0.0,0.018300010021934703,0.0,0.015081024654222164,0.023012456220995126,0.020017392810347926,0.0,0.012513964431028916,0.0,0.008669135776060476,0.0,0.0,0.039003765146342996,0.0,0.0,0.0366224393194824,0.0,0.0,0.06326666324868152,0.0,0.0,0.0,0.0,0.0,0.0,0.0,0.0,0.0,0.0,0.024492271382466277,0.0023928388902394637,0.004359661461491947,0.0,0.022100955832102236,0.026347054791930422,0.0,0.0,0.0,0.006020479307855131,0.03127729102837899,0.0,0.0,0.0,0.0,0.019915911562573,0.0,0.015942488124111052,0.0,0.0451475470344592,0.014157745754714244,0.0,0.1822615303039199,0.031723235966954,0.018522842346799955,0.0,0.035309031214028674,0.05188957361777637,0.05681643031316658,0.0,0.029099869601325178,0.0,0.0,0.012817231471416677,0.0,0.034681848887882546,0.0,0.0,0.013141092432820335,0.0,0.04506626234708311,0.017761848410268392,0.0,0.0,0.0,0.017390617117594074,0.04337173702605456,0.01692223971915905,0.010752206733585514,0.0,0.0,0.007441027347297226,0.018916928252223946,0.0,0.0241480952435206,0.026368601696907686,0.01448973557545796,0.0,0.0,0.10529884474953022,0.0,0.0,0.015463673279567852,0.0,0.0,0.0,0.0,0.0,0.011360156922996996,0.022676641061545634,0.011610554867092927,0.007349746646365568,0.0,0.0,0.11825873840370114,3.0628243482767564e-05,0.0,0.005041631683761038,0.0,0.015012787207864557,0.032855766592561474,2.2084391827548724e-09,0.01674095083184922,0.009667282236625604,0.012156832325983294,0.0602733699477865,0.0,0.013188581066602152,0.0,0.01564706229090612,0.00754446483889235,0.012671552147077709,0.0,0.0,0.01531806434737743,0.005252893385611784,0.0,0.0,0.0,0.00806809821560392,0.0,0.0,0.01269224690720741,0.010864141657710486,0.0,0.0,0.0,0.0,0.04050359233433942,0.02005952818840555,0.016333627762848715,0.0,0.02390401584193689,0.018341479941937553,0.013823167274712802,0.008899840795616851,0.007798425070918834,0.01786427702582433,0.008822070906994172,0.0,0.03728177335957252,0.03535216798684974,0.014431201821053556,0.0,0.0,0.0,0.0,0.005190415427156167,0.0,0.09524213944472411,0.006693441380406759,0.025287624060347166,0.0,0.023630011980842,0.017533523131936898,0.0,0.002280663642326456,0.0,0.0,0.07746600864247638,0.01912595209996634,0.0,0.0,0.0,0.0,0.015540114764637484,0.039875172953485756,0.0,0.0,0.0037919595937395923,0.0,0.0,0.0048177471687056135,0.0,0.012013566212180018,0.012758046593227136,0.0,0.03070888347870421,0.0,0.01991119509555812,0.0,0.0,0.026198463827236083,0.00717266501017704,0.0,0.0,0.0,6.144389653176406e-12,0.0,0.01899847799315414,0.03941021954751341,1.3549179573154644e-09,0.0,0.0,0.016549766925637845,0.0030401462124817025,0.0,0.0,0.009646969042392817,0.0,0.0,0.0,0.0,0.02262136121314794,0.0,0.0,0.03061112319005549,0.0,0.0,0.0,0.0,0.0,0.0,0.02375676383318691,0.0,0.056755195293654505,0.0258335917215751,0.012938640326366432,0.0074643458300436664,0.0029289139298528406,0.0,0.0,0.024842768077231358,0.03677648800547183,0.0,0.016592487886851037,0.0,0.017287667443053656,0.3294185772646039,0.0,0.04003215163797272,0.0,0.0,0.0,0.0,0.0,0.08915758482125478,0.039183829158456335,0.012948720869624498,0.111433571454619,0.0,0.0,0.06435013266671828,0.0,0.05437173144584171,0.026358772645457603,0.0,0.024408091974370466,0.007349071800862733,0.0,0.06464778637030162,0.020580038408465687,0.022525891320971415,0.0,0.0,0.02050551215748427,0.017259680726888754,0.0065505707248497275,0.0,0.0,0.007063562067834925,0.0,0.17027268199199314,0.0,0.014797610856703343,0.06118797727463363,0.020781859190592875,0.0,0.0,0.0,0.0312881878446526,0.009600675432669055,0.0,5.827498135627505e-13,0.0,0.0,0.0,0.0,0.0,0.025286834181039823,0.0,0.0,0.14573898954897274,0.31589130683630307,0.0,0.0,0.0,0.0,0.0,0.002725088472536866,0.0,0.00475231645086693,0.0211484453839636,0.0,0.008752616310616688,0.0,0.01374474040314042,0.03291014725685135,0.05771267087632436,0.017974026206621894,0.0,0.025433705089861685,0.14162470225112173,0.06817713308469779,0.01482557429010703,0.0,0.0,0.039850919680656974,0.04230597828895995,0.0,0.007546855578667604,0.024158490577403206,0.06546810074091805,0.022740621906350175,0.0,0.0,0.008288393431071545,0.030857239909630574,0.0,0.0,0.0,0.0,0.02038327075511777,0.0,0.011465209124638328,0.0,0.02145344992653228,0.0,0.0,0.036265728397543565,0.024773712908026876,0.048402361750876165,0.004041555131566484,0.03504028616242414,0.0,0.010373077075604751,0.0,0.053752001111643286,0.0,0.0,0.0,0.017050934228910762,0.0,0.0,0.0,0.04553437966893549,0.01795398078401207,0.0,0.0
Sig_23,0.03964647780132144,0.008800764277646849,0.0366645880416298,0.020971764800788946,0.006392603178438055,0.012249779958529062,0.01091683107449208,0.0,0.007276363435331946,0.12470104960413997,0.033451813076469286,0.025041500446409733,0.0541661924946922,0.0,0.07778253043852114,0.007064469806275925,0.02343469888258761,0.0,0.009969158219533569,0.01066908410294365,0.02178271311598441,0.05190489444233582,0.016001287868739122,0.021894270014280712,0.057044106410425524,0.02455608877229994,0.010091270934598296,0.019567553057585327,0.0,0.2721040264656079,0.0,0.0,0.0,0.0,0.05278902230026687,0.005292253126580397,0.0,0.0,0.00541575173620393,0.0,0.0,0.019342424077190196,0.04256046605942479,0.0,0.03767550313577113,0.014976709348691336,0.01751356415665119,0.04370220545263785,0.0,0.03403466147019877,0.04310112480085681,0.0,0.0,0.01402794055159062,0.0161772566158081,0.06814895420668741,0.012232977307326406,0.006596040199646707,0.023355952167877784,0.0,0.0,0.007971244041814629,0.05981824148722469,0.04678380452691846,0.013630245913686832,0.0,0.016617984591196306,0.0,0.025270265285135745,0.07010681543500945,0.012122310007044425,0.19594745787566856,0.055883487900379954,0.020080341299725687,0.039533093409353806,0.04878144605059872,0.009622140295989057,0.045976346682807534,0.007070606775056941,0.0083674516937999,0.0022100278030863264,0.06343782381538475,0.0207570977735249,0.0,0.014024785202001261,0.0011912368187450388,0.0,0.018608623409472717,0.034399888558967466,0.03383862188879885,0.014504149836335483,0.0,0.015605740711853097,0.0,0.0,0.021373798632590226,0.014186299636679615,0.04468210994404154,0.026368673899028246,0.00440475166232613,0.01589194320041837,0.0,0.007222305762021801,0.0,0.013970306794166951,0.01794236026716138,0.015949177717345473,0.005310546286193025,0.0067334349777538275,0.0,0.02346949270753102,0.03838846436367704,0.012157025289651827,0.03566201853702082,0.024670578642694715,0.0,0.02574034152230719,0.0,0.011085886257233798,0.0004199996942107815,0.0,0.0242896675082746,3.434787510681932e-05,0.0606616972652471,0.0,0.002414157621423743,0.0,0.01014563062836648,0.009639420526858662,0.020336272409571105,0.016940317303954525,0.006762314244954554,0.009674534078610495,0.0,0.0,0.01305196334349505,0.08500171865053342,0.02048079557260735,0.0,0.04254282960695976,0.0,0.0,0.022717567293062384,0.012701939339358266,0.0,0.0,0.02065020592977066,0.0071831130990881705,0.03179400483761628,0.009282133922444409,0.0,0.04266842681387801,0.012611505692257396,0.013652055924658955,0.06067003836875659,0.017820770975681376,0.0,0.035475460873687116,0.0,0.023860911683052457,0.0,0.0,0.0,0.0,0.0,0.0041118520541831675,0.010960478319079375,0.0,0.0357652556526013,0.0,0.007281234111633417,0.014238577514257968,0.003028007748023104,0.0,0.0028976649839310047,0.011548923008860153,0.0,0.019796230966947412,0.01686733719935841,0.0,0.018751297774299014,0.006653171727002869,0.024712014476084298,0.0029272667300089183,0.015388608242697886,0.027745143752774284,0.006101195014805237,0.025160326702386698,0.005341703323658353,0.04642064406222095,0.048833873348086254,0.013553680539544692,0.0,0.0,0.009091356728683676,0.0,0.0,0.03546116838691665,0.018990431145306148,0.015517628003744522,0.006128817649852443,0.0,0.0,0.008365577969260515,0.0,0.0,0.016960583427129656,0.018270096624117913,0.0,0.013137296889247021,0.0,0.034944421079278816,0.016728760332038444,0.04238175699342136,0.021952249110231328,0.0,0.01903032510368092,0.02558789375200359,0.01234765785000637,0.012013806749972086,0.0,0.012120618738136826,0.005521965030228169,0.0,0.0,0.03238780668891977,0.024358776124298605,0.012500361480332707,0.0,0.005481632774280568,0.005728596548362498,0.0,0.011127758493467251,0.030049856408609674,0.05291164938109611,0.03438694659230548,0.034572603427031626,0.011362111268244468,0.011998107302712861,0.0,0.015396012496295084,0.017915696469030906,0.007696302103864297,0.0,0.022930582256704832,0.013767838602948659,0.038026753556042125,0.02130643213677287,0.02340663104374646,0.0185619516734241,0.032175438613979535,0.0,0.018909246879229385,0.00963903971124889,0.012658916595266355,0.005799287364908129,0.025260877992219037,0.003608099498041277,0.0,0.0,0.005762122652124579,0.021035022763074108,0.001990375105065217,0.0,0.022893743110514345,0.008263471929998576,0.0,0.018963706582283562,0.03196993522485579,0.006995114073267799,0.08331939614556728,0.008484361879864566,0.0,0.0,0.02445148918735871,0.03346536805012936,0.04570905276298349,0.037784823539962945,0.052173891174590224,0.05186183422343832,0.01705029926756535,0.022318997377956194,0.01542248431102196,0.0,0.01826967803738003,0.0,0.016787916426896126,0.01141678319372337,0.02981679467488521,0.06139848603777858,0.0,0.007692981481107168,0.014056281350030543,0.0,0.0,0.02903165437817777,0.0,0.028501777051005792,0.0,0.02202107751898055,0.0,0.0,0.0,0.0,0.04011354141485227,0.014352349171973294,0.0211901619371458,0.030069244311784173,0.010947686717466817,0.0,0.009152361622673109,0.04100455643734752,0.02066087170257004,0.009345958176785676,0.01654664433579978,0.01779081263177631,0.0,0.020485710615713065,0.012384890338857531,0.02852494876316083,0.04275231990006997,0.0,0.03732854945021332,0.02679036676426138,0.021603564627749074,0.0,0.0,0.0,0.002438006419159135,0.028324752670880426,0.009880651869454922,0.023409085076736842,0.0,0.011848258848218617,0.017386289717157378,0.021143327019686943,0.0,0.0,0.0,0.004825557300963554,0.001695512444363476,0.038575017098214454,0.0,0.012990369330246665,0.0,0.0,0.0,0.0,0.03372130006393714,0.0,0.011703302196739962,0.0001382862434134326,0.0,0.0,0.02325522141247259,0.006334767783630153,0.02072000148540115,0.030104894382260706,0.0,0.0,0.0,0.03853185267108218,0.0,0.0,0.023495068655037227,0.028382909410407657,0.013287945889054922,0.02946282752277399,0.009703828695061593,0.0,0.027516406318015045,0.0,0.0,0.0,0.0,0.053061118722119785,0.023527078252628793,0.0,0.017042370894584425,0.02892186639104391,0.031087812928841326,0.020623367650581297,0.031117607597354345,0.01027703317715546,0.0,0.0,0.0,0.015441449304593959,0.007505943557088529,0.0,0.01923564731145185,0.0,0.0038152202220688002,0.03517334638050535,0.04810725772477869,0.04724521477697261,0.0,0.008010992890064144,0.0,0.0,0.024629970056936214,0.0,0.022318885034349836,0.0,0.0,0.0,0.0,0.0,0.0,0.0,0.010919633936164335,0.0,0.0,0.0,0.05682914181507694,0.00812385895062336,0.0,0.011204813475762748,0.029449189617566637,0.0,0.0,0.0,0.0,0.007084127151331193,0.0,0.002278098198593731,0.0,0.0,0.0,0.018093931095685096,0.00823730094315707,0.008468401211547207,0.03300095264059844,0.0,0.0,0.01834201694091633,0.03653867646899163,0.0065004890843883886,0.06014893362561892,0.023469839053060364,0.0,0.016758085601440566,0.02041654677604386,0.03396814262940967,0.07717866320638574,0.0,0.0,0.05364084442770393,0.011979424298953057,0.0,0.0,0.03334780295447645,0.0,0.01538068548748815,0.013612709884379385,0.0187714747728664,0.021988886226152356,0.01718178434671985,0.00976110863318437,0.03324151268348171,0.028160382496411288,0.019316403016415424,0.02129447134070385,0.007477992693821225,0.0,0.0,0.0,0.011467276062752343,0.011889034777544645,0.03677015427613903,0.0,0.0,0.009637443246314404,0.0,0.0059863661546329236,0.008854248341060396,0.005166097930965837,0.019656748269434636,0.0,0.03878932840403164,0.03860390715486133,0.042510473260279506,0.025221032102808464,0.009808592693414126,0.021645943284967755,0.011664187196688852,0.0,0.011517313027588788,0.0,0.009181757107644113,0.030282908759552276,0.028652422626186558,0.0069448272863193135,0.0
Sig_24,0.0854852252771599,0.039367353727304856,0.07528360862502506,0.013461646035007605,0.0005813776913775229,0.009047803243194541,0.04576766309206973,0.0,0.0,0.06403320318867889,0.03609366111560036,0.0437142848737424,0.0,0.0,0.0,0.05841219980397344,0.025065904663375497,0.11600432125315939,0.024048215935114935,0.06359080220562813,0.03109751207838871,0.013400868081019417,0.0,0.05580293346602453,0.015683248364365753,0.06977979838666361,0.01185768731671608,0.014805459098840021,0.0,0.0,0.03510020179032596,0.0,0.032836186294418514,0.002187856744161385,0.0,0.03740799271193417,0.0,0.04687615046769592,0.0,0.011473977189556013,0.0,0.0,0.02935087939838185,0.0,0.07121921659814255,0.0,0.0567878701444348,0.007347691477350986,0.0,0.1676025287413893,0.011441648479363653,0.009694703243118557,0.0,0.0,0.0,0.02264813394543197,0.02496634897077259,0.03297989510956298,0.0,0.0,0.0,0.004522683360007755,0.0444852481778092,0.0,0.06266330103687501,0.03433865591393744,0.0,0.0,0.014127405393366958,0.03329703999412412,0.018303072731778485,0.0,0.02110748231067753,0.010513891423906683,0.03800266483724068,0.0,0.019901670114864434,0.0,0.04073494404118564,0.04333421010486586,0.01629934840994203,0.009921931302247914,0.0422617863027761,0.010743568555281437,0.0,0.003514818614037201,0.024051842362786718,0.004671225853004868,0.049260106769053805,0.016309174205248436,0.04601246401547689,0.10204613671336293,0.016189096163235998,0.03792991143469537,0.0201059779038493,0.06243868730877048,0.017880511558356207,0.03181108338456571,0.012211305535735567,0.0,0.028573037810550646,0.018799348440374706,0.0791104861185283,0.05308890782929215,0.03654475526924931,0.027311861310660452,0.0,0.0,0.08303921844061805,0.0,0.019916565784128943,0.03111979343873772,0.0,0.019365188772129532,0.024478650453196898,0.014449248506931212,0.0,0.0,0.040178180646742445,0.0,0.0,0.0,0.0,0.10813939810060559,0.012788772340946995,0.0,0.0677198136197808,0.02882799144372747,2.1903574725036356e-10,0.013999599554726216,0.0,0.008527137427961514,0.022104741405246417,0.040809423890615974,0.0,0.002416313043480885,0.0,0.0,0.0,0.049014523652420615,0.0,0.038302279845001376,0.0,0.0,0.0,0.0,0.0,0.0,0.019762446390887305,0.0,0.024605095639654014,0.028395402019838863,0.031116385676640608,0.0,0.0,0.01261084798494275,0.0,0.0,0.0,0.042076041494891206,0.0,0.0,0.05258436954479906,0.01864785795606367,0.0,0.028849321801601973,0.0,0.028997213920183132,0.01667230250649985,0.156085246030926,0.05498482966642635,0.0,0.0,0.0,9.560219997209858e-06,0.0,0.0,0.08540238916599684,0.12818502537313625,8.316652463312956e-06,0.0297793181634821,0.014529126082709651,0.013267610853450847,0.041209682008645616,0.06473141648336037,0.009401235422690293,0.008090566892838852,0.0,0.0,0.004006201974076769,0.0,0.023617756814975206,0.01210906140932217,0.0,0.0,0.038979969827921956,0.0,0.0,0.0,0.013003675295652231,0.014376597672535648,0.0,0.0,0.0,7.001926767960279e-05,0.0,0.026168626678252413,0.007127885549209387,0.021907175757709906,0.012216356735346079,0.02602510269112551,0.01502443958125838,0.015156518554189527,0.06605791264784885,0.05362635873021094,0.03886541103457622,0.0,0.01739288859039407,0.0,0.0,0.006980510289367831,0.049227889573677665,0.0,0.00014278502025197494,0.028786399637370945,0.08008587647884237,0.0,0.020182022906226324,0.0,0.005417628614401607,0.05361482336949014,0.018740936887672165,0.009863592579844772,0.0458705280306794,0.06447555409523083,0.0052997123647194585,0.00620338708562911,0.04716854485002837,0.016786704850710807,0.0,1.0295172680283412e-14,0.010326249466211324,0.0,0.027749193247422834,0.004400084641890087,0.012095816564637122,0.0517210403046778,0.06249133389522819,0.07729550074800375,0.015721523830105413,5.58619856720327e-09,8.221517374080267e-07,0.03460465651123708,0.0,0.027244078092798323,0.0,0.017894237202049787,0.06608991975534907,0.013812629558769496,0.023338776792430755,0.0,0.05813241289728554,0.0048578173035920815,0.0,0.024686501273295334,2.085267060211405e-11,0.012681515686978197,0.0,0.011206381481648158,0.02272004936711255,0.04497623829249076,0.0,0.10466381259645624,0.0,0.0,0.041255855267817824,4.720466860811482e-06,0.022686361482781907,5.884433458002144e-05,0.02982791969842287,0.007675459516454113,0.0,0.020806655472380184,0.0,0.03796988536092798,0.010284820263002441,0.040232218686617624,0.0036943863091930406,0.0,0.0,0.0,0.0,0.020432905089882932,0.0937816879611969,0.0,0.023165576138321563,1.425436666064163e-11,0.01572401977482234,0.0,0.015850186779781728,0.0,0.0,0.04382936565760725,0.03351257429952333,0.01219947884410051,0.0636302477938472,0.05268273510591267,0.07066532386854119,0.02140486937142653,0.06570987597591856,0.018810004157790203,0.024977707449691106,0.0,0.0,0.006432822682208288,0.016906843391030206,0.0,0.0007980040612965159,0.0,0.012108713759576607,0.0857322396611193,0.0,0.006803292872191261,0.08305190730871234,0.03186771969639619,0.0,0.0,0.0,0.008169474022483457,0.0067520021041815505,0.04161609642505609,0.003866145677281311,0.037352614464144195,0.007989450629272917,0.0,0.01724023830367686,0.03264084416182691,0.0,0.0,0.01255302217528143,0.0,0.07698784525522819,0.0,0.0260919544545861,0.0,0.024982344207228623,0.0,0.024781111027552514,0.05176542755695304,0.0,0.0,0.0,0.0,0.02191994827950167,0.07249425369473589,0.07822219393988725,0.05767200325171296,0.04944608722155139,0.03592146812846428,0.0,0.020998548856321027,0.020754660977086815,0.0,0.015213091052158182,0.022587205469386973,0.02517515569538651,0.04027201222875496,0.011651866753822059,0.0,0.0,0.048453615254430225,0.03493612857175174,0.05993335944462969,0.0,0.0,0.01920352973059118,0.06850626636368765,0.04069109144960478,0.0,5.0817915288575596e-12,0.006500094704239653,0.008192608478002177,0.021701585422288554,0.13027657558673367,0.0,0.032323199330483623,0.04630871167176525,0.03021785222284436,0.004651089228152926,0.0,0.006279008223286337,0.02948062200748473,0.01928623381754516,0.07157393831361265,0.012275274524111986,0.0,0.01869983703292373,0.02351647193723172,0.0,0.0,0.013577752063324157,0.0007718278022441868,0.0,0.0,0.0,0.03340660732481706,0.010399849573739317,0.0,0.10721791940689873,0.0,0.0030611127666869704,0.0,0.0021219596084658863,0.017721032563909157,0.0,0.032157525461947216,0.06576135280884876,0.004446775084002468,0.017315132546180625,0.0,0.0,0.03302174766247237,0.0,0.03301870266488655,0.02356487290086462,0.008670998665477136,0.011045304703563288,0.0,0.0,0.04174675016803315,0.0,0.06003672922123172,0.0,0.0,0.0,0.0,0.031217180018000244,0.012470829769380663,0.01207602172682627,0.0016992094980945343,0.05609897756573729,0.0009379845584230674,0.0,0.017146742809988878,0.0528864617020104,0.02994265119182576,0.021502045431533175,0.0,0.008832527960216892,0.01219600640842394,0.0160744495487115,0.0,0.0,0.03147825827051964,0.035626703812208796,0.027000058879265612,0.0317437214153147,0.024813461960805416,0.044811590385587616,0.00705989260889978,0.047392444350090414,0.043015876452562135,0.013660338332303207,0.008531495903563871,0.0,0.06067190489314947,0.019228439140798886,0.0,0.003066586358035752,0.03947802753268958,0.0,0.0,0.0,0.044119805789769276,0.011076545887727177,0.049684952511124716,0.0570247741361546,0.02084742310191804,0.0,0.019687934531633106,0.027584087958751717,0.008727446794305397,0.04610866197537579,0.0561323482117904,0.007100658821940924,0.03228279485108775,0.05056851089859807,1.0453123069535033e-08,0.0,0.0,0.012483104823550958,0.011417055572850523,0.022715659794523963,0.06811415663311852
Sig_25,0.040854053491908765,0.033081136872706286,0.03787074067075313,0.032476495985148866,0.028291402409240916,0.029800637763899587,0.03387237735576588,0.013737797109794008,0.010695315319640108,0.0,0.007366360320206416,0.0,0.0,0.0,0.024871081604795883,0.02125663207781145,0.015040090305696604,0.0,0.007902208102229209,0.003938984028930028,0.0,0.022698762276438897,0.04469284393605325,0.0024391460175955367,0.06417256251854278,0.04007302469405923,0.050132207414803585,0.042374012351940264,0.0,0.023721558695086794,0.022951740841468123,0.0,0.03589141465438641,0.01705495103139523,0.006616142094603341,0.02903130055570682,0.07805712197454036,0.0,0.037906983188382086,0.0,0.0020513077137004846,0.022764123987430444,0.027640535606613198,0.026885823043136185,0.009207660638995977,0.0,0.022996912025290115,0.052427934037595686,0.0,0.007426198315009735,0.006661106009637201,0.05410821933037633,0.009333206622229376,0.042020912185141285,0.035651863375007385,0.0,0.029034651173429692,0.004569551457107308,0.0034248653787453238,0.0,0.011936098888575988,0.02247644908075439,0.0,0.0,0.007936782652076263,0.028680179042397173,0.0,0.0,0.0,0.06814428783488122,0.01049323709077085,0.0,0.019497842888050468,0.04555166795371182,0.0,0.029416571380054927,0.02997800518501411,0.04381512855561317,0.0008385542701745388,0.0,0.017654790930619717,0.015810795087165336,0.0,0.012117784598904559,0.023804869622133625,1.7070681014177377e-06,0.018629755545354287,2.186878478663257e-06,0.018167898781311607,0.0,0.0657240998473677,0.0,0.04169663010596436,0.0,0.03461473867609116,0.02149183370021338,0.018200462928543857,0.023798524245745384,0.047594389027017965,0.01887970012736497,0.03228965510605114,0.01925724023725819,0.026775163545662752,0.0,0.04940350947783654,0.04681369157744812,0.0,0.027041946830556957,0.004011776405507398,0.009710759473683073,0.02085563848217166,0.032457912193633885,0.0,0.033842529718741146,0.05294182221979855,0.005369478837314064,0.0,0.004083514646661459,0.019310436037451834,0.04385851688040872,0.0,0.0,0.0081730028900364,0.012496323475450292,0.00814787692595495,0.010823568528956457,0.05578004949870655,0.0,0.009054915503423026,0.05159509700836127,0.005237445907429632,0.0,0.003804019742724143,7.345145740306159e-09,0.017192197267105327,0.035425401277632135,0.016648602267368213,0.026873820436814584,0.030960425027534186,1.7707319512558551e-09,0.06559905750365895,0.03462804303848741,0.0,0.028371529891158768,0.0,0.008459798248242884,0.0,0.004978993406637276,0.036094228673372995,0.027976491403065476,0.026002426710314885,0.0,0.03698475238009095,0.007445843434644155,0.01668125067553663,0.017140968154024414,0.0,0.0073976531985493,0.0,0.0,0.019446657490421702,0.0734007134479475,0.0,0.0,0.0,0.008791166008713094,0.016719175261577318,0.0,0.0,0.0,0.0,0.006934288785225458,0.010212104713119417,0.029853871826744847,0.0015337652279072897,0.0,0.05966768576373757,0.008103824575453491,0.0,0.04122927976438881,0.025455748681152968,0.010791792850218562,0.01807618209003137,0.00970387043266324,0.00452082357942861,0.025281363936297638,0.028242925000800324,0.0077344993020229255,0.0,0.01122883439773009,0.0,0.0,0.016719345049030665,0.023139568156954313,0.0,0.029312095852423337,0.010188005607491953,0.0,0.03240209123796403,0.035933355991765094,3.007787644907973e-05,0.0,0.0,0.0,0.0,0.0,0.0205637242542359,0.024294864142890015,0.026319349784185025,0.025740972930188948,0.040219062079795365,0.036968304753846805,0.028493996463832508,0.021112267279190803,0.0039766840550088415,0.019790180880065723,0.035998575801541234,0.03596123448667917,0.0,0.0,0.0,0.036833446960108526,0.0045016899485564674,0.0,0.03605627723888249,0.0164820426988852,0.0,0.02931630921103574,0.03304532748564672,1.229510345734692e-10,0.03348410269921646,0.0,0.009871693962392116,0.0,0.014587034153997052,0.03188641900308823,1.2870356918329945e-15,0.032584025244237584,0.035664477563132506,0.0,0.001968456733840639,0.03854448011837761,1.1756232563101485e-13,0.0,0.015431517903781318,0.026818810839424608,0.01661427861232196,0.01331891216615499,0.013429891654933926,0.01018169496198794,0.015502610104934625,0.06832184022656014,0.05287473143321737,0.0796433597309189,0.022896305747486842,0.003927496732649109,0.03589717952976984,0.004839038420029011,0.0,0.041381889266525945,0.003951950328951796,0.010351174182392762,0.005985905639322113,0.0,0.009957051329702137,0.020745615118108542,0.0,0.08253284225331158,0.0,0.02119201954936722,0.0,0.0316418464035759,0.0017546203692599552,0.008319875122697306,0.0,0.04517552332626192,0.005683795855097676,0.032573089143347944,0.0,0.03572538529337921,0.020776790477884676,0.014400781674827471,0.03771602717466136,0.029684413464636825,0.015440733024250461,0.0,0.011935315008597175,0.003263067639512418,0.006765970852767301,0.0,0.0,0.0,0.015408879701876162,0.0,0.0155913411620082,0.050757575769951116,0.01318621167492039,0.012459651691018129,0.06623749872668773,0.011863801989524431,0.024231750621431434,0.0026002298865729673,0.05881807834799815,0.027697725840436296,0.024515944365059113,0.026051787787059404,0.010735389941948486,0.040546194554233576,0.006245387768995088,0.0,0.014252727668586918,0.0,0.006344709139452919,0.0022478211448738643,2.2112534938512057e-05,0.008750928777108003,0.0,0.012024686659912357,0.008352835596784468,0.030425627704447646,0.039292985085339786,0.0,0.06103819553417319,0.0,0.02578336833965174,0.0139730084038981,0.09793742436411086,0.1488062079849851,0.0,0.0,0.02460926691116125,0.010635606892261177,0.0,0.0942313560649462,0.027431508595329144,0.0,0.03629712404776352,2.7131588313467635e-09,0.0,0.02133323104424577,0.009990328390091036,0.0045223133526417075,0.03095262266403676,0.031732770873990054,5.353474076847298e-07,0.012787996094762262,0.0,0.01600577673289618,0.048459608438067965,0.0,0.036260011246296325,0.026998447790013428,0.0,0.013102604577573573,0.006830708566653847,0.019030151123292798,0.0,0.033001336043318744,0.0,0.033873680849489274,0.03721127931873891,0.04266648825356509,0.008026505092140129,0.01829164885015616,0.0335724776093366,0.0037234191450009144,0.01764292800422486,0.04561741801009711,0.0,0.009319768285418297,4.851748532710016e-05,0.014019642144290915,0.008264134383363502,0.0,0.0,0.01216230950359076,0.016995865482715384,0.0,0.0047207090788722265,0.03153060445190595,0.02731785563800981,0.0,0.07108707747155414,0.011036245245793764,0.0,0.06123224980201046,0.039673494277794506,0.003929771582286081,0.00229191554123151,0.0,0.014676626858961124,0.0029715864679595964,0.010553042436008388,0.02543318063248391,0.0,0.025533890423646666,0.027519219334887202,0.026118885074367215,0.02113466572858487,0.01194084180430096,0.008710228652580773,0.0,0.014845702749002238,0.0,0.0,0.03366947700011062,0.0,0.0,0.0,0.0071837577715432996,0.029194398813510405,0.016963528644737217,0.002574843700716462,0.0,0.0,0.005655829590883058,0.009860030072050238,0.02282531233246917,0.006816096140283489,0.007718866205969085,0.0,0.012449517999046148,0.00800705152790535,0.030512041734453446,0.0,0.0012115281622704238,0.0,0.0,0.0,0.016414532060566058,0.006963573703362218,0.008910724688733513,0.03584615568899023,0.16574329338581376,0.0,0.0,0.030340213336033477,0.0,0.02215313127670841,0.0009873387538171811,0.011918937334692679,0.008896631467060798,0.01609154783158621,0.0,0.0,0.008289759955381752,0.01289902662827347,0.032222919604279636,0.0,0.029149046679659705,0.010707650744906882,0.008522344292320863,0.019155942257843728,0.021971250498444946,0.01567654173126393,0.05313359640327723,0.025988066487229847,0.0,0.05820130620531754,0.0031974639771006493,0.021816581752075362,0.016017628818464625,0.0,0.003964851144786801,0.007751138523643482,0.06069123041838321,0.019531578229919445,0.0,0.006587909103703444,0.0,0.0,0.005352764919752615,0.004908769103411052,0.0,0.016300337991263035,0.010491730206274374,0.009739337161181643,0.009354543322942709,0.010720344786214026,0.025573333294798103,0.019630748511987043,0.04351526957600548,0.026512122401354327,0.023074950442635862,0.010944991835854094,0.05420485531760246,0.0,0.0,0.07739657707178788,0.01981424568746733,0.0,0.02100788303347225,0.01487344943359639,0.0
